  3
                  10                   10                    1
   0.503872327732009E+00
  -0.128613968084535E+00
  -0.184913056188926E-17
  -0.371118063566245E-17
   0.137097269226056E-01
   0.441262994754392E+00
  -0.106247913203306E+00
   0.123911021336768E-17
  -0.350235196457598E-17
  -0.137600120314306E-01
  -0.128613968084535E+00
   0.357993019730992E-01
   0.664965152507173E-18
   0.120858124139613E-17
  -0.410007921110314E-02
  -0.106247913203306E+00
   0.269763519206058E-01
  -0.359921301579702E-18
   0.114181993713910E-17
   0.378063313696021E-02
  -0.184913056188926E-17
   0.664965152507173E-18
   0.587277790743933E-03
  -0.121676282873080E-17
   0.635903126046388E-20
   0.156333511309474E-17
  -0.659739719685342E-18
   0.446497079138618E-03
  -0.527066251428988E-18
  -0.298494454993572E-19
  -0.371118063566245E-17
   0.120858124139613E-17
  -0.121676282873080E-17
   0.587277790743933E-03
   0.913204435935773E-19
   0.407770779521358E-17
  -0.136587720546308E-17
   0.442786473177186E-18
   0.446497079138618E-03
   0.812328098606013E-19
   0.137097269226056E-01
  -0.410007921110314E-02
   0.635903126046393E-20
   0.913204435935774E-19
   0.707569187999248E-03
   0.137600120314305E-01
  -0.378063313696019E-02
  -0.234148525063188E-19
   0.918869326797143E-19
  -0.505056247975186E-03
   0.441262994754392E+00
  -0.106247913203306E+00
   0.156333511309474E-17
   0.407770779521358E-17
   0.137600120314305E-01
   0.503872327732011E+00
  -0.128613968084535E+00
  -0.153464684250287E-17
   0.387185999584849E-17
  -0.137097269226057E-01
  -0.106247913203306E+00
   0.269763519206058E-01
  -0.659739719685342E-18
  -0.136587720546308E-17
  -0.378063313696019E-02
  -0.128613968084535E+00
   0.357993019730992E-01
   0.427889333134732E-18
  -0.129470212044666E-17
   0.410007921110315E-02
   0.123911021336768E-17
  -0.359921301579702E-18
   0.446497079138618E-03
   0.442786473177186E-18
  -0.234148525063188E-19
  -0.153464684250287E-17
   0.427889333134732E-18
   0.587277790743935E-03
   0.119262238973405E-17
  -0.403215782105613E-19
  -0.350235196457598E-17
   0.114181993713910E-17
  -0.527066251428988E-18
   0.446497079138618E-03
   0.918869326797142E-19
   0.387185999584849E-17
  -0.129470212044666E-17
   0.119262238973405E-17
   0.587277790743934E-03
   0.830488784496820E-19
  -0.137600120314306E-01
   0.378063313696021E-02
  -0.298494454993572E-19
   0.812328098606011E-19
  -0.505056247975186E-03
  -0.137097269226057E-01
   0.410007921110315E-02
  -0.403215782105614E-19
   0.830488784496821E-19
   0.707569187999253E-03
