2
                  25                   25
   0.999999295018702E+00
   0.113818612344056E-05
   0.191896133351908E+00
   0.000000000000000E+00
   0.000000000000000E+00
  -0.716164364028221E-17
   0.000000000000000E+00
   0.000000000000000E+00
   0.208342091588456E-17
   0.689044496319097E-01
   0.000000000000000E+00
   0.000000000000000E+00
   0.689044496319097E-01
   0.000000000000000E+00
   0.689044496319097E-01
   0.650182549979826E-01
   0.680582856878810E-01
   0.000000000000000E+00
  -0.868631425104149E-01
   0.672810790839386E-01
   0.650182549979826E-01
   0.680582856878810E-01
   0.000000000000000E+00
   0.868631425104149E-01
   0.672810790839386E-01
   0.113818612335754E-05
   0.999999807752153E+00
   0.933323630575111E+00
   0.000000000000000E+00
   0.000000000000000E+00
  -0.265197567592599E-16
   0.000000000000000E+00
   0.000000000000000E+00
  -0.297146924595933E-16
   0.700993308922620E+00
   0.000000000000000E+00
   0.000000000000000E+00
   0.700993308922620E+00
   0.000000000000000E+00
   0.700993308922620E+00
   0.518784452014916E+00
   0.536613009232307E+00
   0.000000000000000E+00
  -0.339716429393090E+00
   0.263132178868261E+00
   0.518784452014916E+00
   0.536613009232307E+00
   0.000000000000000E+00
   0.339716429393090E+00
   0.263132178868261E+00
   0.191896133351908E+00
   0.933323630575111E+00
   0.100000000000000E+01
   0.000000000000000E+00
   0.000000000000000E+00
  -0.340853125041514E-16
   0.000000000000000E+00
   0.000000000000000E+00
  -0.290784213622384E-16
   0.664283768004953E+00
   0.000000000000000E+00
   0.000000000000000E+00
   0.664283768004953E+00
   0.000000000000000E+00
   0.664283768004953E+00
   0.616698670352645E+00
   0.647846959747374E+00
   0.000000000000000E+00
  -0.309561968920353E+00
   0.239775613803205E+00
   0.616698670352645E+00
   0.647846959747374E+00
   0.000000000000000E+00
   0.309561968920353E+00
   0.239775613803205E+00
   0.000000000000000E+00
   0.000000000000000E+00
   0.000000000000000E+00
   0.100000035238158E+01
   0.000000000000000E+00
   0.000000000000000E+00
   0.804563921073475E+00
   0.000000000000000E+00
   0.000000000000000E+00
   0.000000000000000E+00
   0.000000000000000E+00
   0.703504287362326E-16
   0.000000000000000E+00
   0.000000000000000E+00
   0.000000000000000E+00
   0.000000000000000E+00
   0.000000000000000E+00
   0.314569900985213E+00
   0.000000000000000E+00
   0.000000000000000E+00
   0.000000000000000E+00
   0.000000000000000E+00
   0.314569900985213E+00
   0.000000000000000E+00
   0.000000000000000E+00
   0.000000000000000E+00
   0.000000000000000E+00
   0.000000000000000E+00
   0.000000000000000E+00
   0.100000035238158E+01
   0.000000000000000E+00
   0.000000000000000E+00
   0.804563921073475E+00
   0.000000000000000E+00
   0.000000000000000E+00
   0.000000000000000E+00
   0.000000000000000E+00
   0.000000000000000E+00
   0.703504287362326E-16
   0.000000000000000E+00
   0.323404912039749E+00
   0.200253527735150E+00
   0.000000000000000E+00
  -0.797102341308578E-01
   0.305395271058605E+00
  -0.323404912039749E+00
  -0.200253527735150E+00
   0.000000000000000E+00
  -0.797102341308578E-01
  -0.305395271058605E+00
  -0.716164364028221E-17
  -0.265197567592599E-16
  -0.340853125041514E-16
   0.000000000000000E+00
   0.000000000000000E+00
   0.100000035238158E+01
   0.000000000000000E+00
   0.000000000000000E+00
   0.804563921073475E+00
   0.406168389684695E-16
   0.000000000000000E+00
   0.000000000000000E+00
   0.406168389684695E-16
   0.000000000000000E+00
   0.121850516905408E-15
  -0.250497861742357E+00
  -0.155109210270292E+00
   0.000000000000000E+00
   0.305395271058605E+00
   0.780216621105807E-01
  -0.250497861742357E+00
  -0.155109210270292E+00
   0.000000000000000E+00
  -0.305395271058605E+00
   0.780216621105807E-01
   0.000000000000000E+00
   0.000000000000000E+00
   0.000000000000000E+00
   0.804563921073475E+00
   0.000000000000000E+00
   0.000000000000000E+00
   0.100000000000000E+01
   0.000000000000000E+00
   0.000000000000000E+00
   0.000000000000000E+00
   0.000000000000000E+00
   0.000000000000000E+00
   0.000000000000000E+00
   0.000000000000000E+00
   0.000000000000000E+00
   0.000000000000000E+00
   0.000000000000000E+00
   0.391443165595246E+00
   0.000000000000000E+00
   0.000000000000000E+00
   0.000000000000000E+00
   0.000000000000000E+00
   0.391443165595246E+00
   0.000000000000000E+00
   0.000000000000000E+00
   0.000000000000000E+00
   0.000000000000000E+00
   0.000000000000000E+00
   0.000000000000000E+00
   0.804563921073475E+00
   0.000000000000000E+00
   0.000000000000000E+00
   0.100000000000000E+01
   0.000000000000000E+00
   0.000000000000000E+00
   0.000000000000000E+00
   0.000000000000000E+00
   0.000000000000000E+00
   0.000000000000000E+00
   0.000000000000000E+00
   0.444384584910769E+00
   0.309745915076078E+00
   0.000000000000000E+00
   0.713616848398378E-01
   0.247923650902069E+00
  -0.444384584910769E+00
  -0.309745915076078E+00
   0.000000000000000E+00
   0.713616848398378E-01
  -0.247923650902069E+00
   0.208342091588456E-17
  -0.297146924595933E-16
  -0.290784213622384E-16
   0.000000000000000E+00
   0.000000000000000E+00
   0.804563921073475E+00
   0.000000000000000E+00
   0.000000000000000E+00
   0.100000000000000E+01
   0.000000000000000E+00
   0.000000000000000E+00
   0.000000000000000E+00
   0.000000000000000E+00
   0.000000000000000E+00
   0.000000000000000E+00
  -0.344204383320346E+00
  -0.239918091907184E+00
   0.000000000000000E+00
   0.247923650902069E+00
   0.199410385280846E+00
  -0.344204383320346E+00
  -0.239918091907184E+00
   0.000000000000000E+00
  -0.247923650902069E+00
   0.199410385280846E+00
   0.689044496319097E-01
   0.700993308922620E+00
   0.664283768004953E+00
   0.000000000000000E+00
   0.000000000000000E+00
   0.406168389684695E-16
   0.000000000000000E+00
   0.000000000000000E+00
   0.000000000000000E+00
   0.100000000000000E+01
   0.000000000000000E+00
   0.000000000000000E+00
   0.333333333333333E+00
   0.000000000000000E+00
   0.333333333333333E+00
   0.284268023760241E+00
   0.323396950281968E+00
   0.000000000000000E+00
  -0.236627633144510E+00
   0.183283289539428E+00
   0.284268023760241E+00
   0.323396950281968E+00
   0.000000000000000E+00
   0.236627633144510E+00
   0.183283289539428E+00
   0.000000000000000E+00
   0.000000000000000E+00
   0.000000000000000E+00
   0.000000000000000E+00
   0.000000000000000E+00
   0.000000000000000E+00
   0.000000000000000E+00
   0.000000000000000E+00
   0.000000000000000E+00
   0.000000000000000E+00
   0.100000000000000E+01
   0.000000000000000E+00
   0.000000000000000E+00
   0.000000000000000E+00
   0.000000000000000E+00
   0.000000000000000E+00
   0.000000000000000E+00
   0.251444504134963E+00
   0.000000000000000E+00
   0.000000000000000E+00
   0.000000000000000E+00
   0.000000000000000E+00
  -0.251444504134963E+00
   0.000000000000000E+00
   0.000000000000000E+00
   0.000000000000000E+00
   0.000000000000000E+00
   0.000000000000000E+00
   0.703504287362326E-16
   0.000000000000000E+00
   0.000000000000000E+00
   0.000000000000000E+00
   0.000000000000000E+00
   0.000000000000000E+00
   0.000000000000000E+00
   0.000000000000000E+00
   0.100000000000000E+01
   0.000000000000000E+00
   0.000000000000000E+00
   0.000000000000000E+00
   0.000000000000000E+00
   0.000000000000000E+00
  -0.194759907125140E+00
   0.000000000000000E+00
   0.000000000000000E+00
   0.000000000000000E+00
   0.000000000000000E+00
  -0.194759907125140E+00
   0.000000000000000E+00
   0.000000000000000E+00
   0.689044496319097E-01
   0.700993308922620E+00
   0.664283768004953E+00
   0.000000000000000E+00
   0.000000000000000E+00
   0.406168389684695E-16
   0.000000000000000E+00
   0.000000000000000E+00
   0.000000000000000E+00
   0.333333333333333E+00
   0.000000000000000E+00
   0.000000000000000E+00
   0.100000000000000E+01
   0.000000000000000E+00
   0.333333333333333E+00
   0.376543878508155E+00
   0.338477908424424E+00
   0.000000000000000E+00
  -0.214136800656263E+00
   0.390752065841488E+00
   0.376543878508155E+00
   0.338477908424424E+00
   0.000000000000000E+00
   0.214136800656263E+00
   0.390752065841488E+00
   0.000000000000000E+00
   0.000000000000000E+00
   0.000000000000000E+00
   0.000000000000000E+00
   0.703504287362326E-16
   0.000000000000000E+00
   0.000000000000000E+00
   0.000000000000000E+00
   0.000000000000000E+00
   0.000000000000000E+00
   0.000000000000000E+00
   0.000000000000000E+00
   0.000000000000000E+00
   0.100000000000000E+01
   0.000000000000000E+00
  -0.123795858311165E+00
  -0.202323799925814E-01
   0.000000000000000E+00
   0.164586554414169E+00
  -0.268923945612921E-01
   0.123795858311165E+00
   0.202323799925814E-01
   0.000000000000000E+00
   0.164586554414169E+00
   0.268923945612921E-01
   0.689044496319097E-01
   0.700993308922620E+00
   0.664283768004953E+00
   0.000000000000000E+00
   0.000000000000000E+00
   0.121850516905408E-15
   0.000000000000000E+00
   0.000000000000000E+00
   0.000000000000000E+00
   0.333333333333333E+00
   0.000000000000000E+00
   0.000000000000000E+00
   0.333333333333333E+00
   0.000000000000000E+00
   0.100000000000000E+01
   0.339628892815550E+00
   0.332444766216417E+00
   0.000000000000000E+00
  -0.397325516532199E+00
   0.828647448175627E-01
   0.339628892815550E+00
   0.332444766216417E+00
   0.000000000000000E+00
   0.397325516532199E+00
   0.828647448175627E-01
   0.650182549979826E-01
   0.518784452014916E+00
   0.616698670352645E+00
   0.000000000000000E+00
   0.323404912039749E+00
  -0.250497861742357E+00
   0.000000000000000E+00
   0.444384584910769E+00
  -0.344204383320346E+00
   0.284268023760241E+00
   0.000000000000000E+00
   0.000000000000000E+00
   0.376543878508155E+00
  -0.123795858311165E+00
   0.339628892815550E+00
   0.100000101692310E+01
   0.903687361540885E+00
   0.000000000000000E+00
  -0.113762123542977E-15
   0.142315739071555E-15
   0.375341828475822E+00
   0.484807269926212E+00
   0.000000000000000E+00
   0.181623683852294E+00
   0.327383041078675E-16
   0.680582856878810E-01
   0.536613009232307E+00
   0.647846959747374E+00
   0.000000000000000E+00
   0.200253527735150E+00
  -0.155109210270292E+00
   0.000000000000000E+00
   0.309745915076078E+00
  -0.239918091907184E+00
   0.323396950281968E+00
   0.000000000000000E+00
   0.000000000000000E+00
   0.338477908424424E+00
  -0.202323799925814E-01
   0.332444766216417E+00
   0.903687361540885E+00
   0.100000000000000E+01
   0.000000000000000E+00
  -0.222505917706046E-15
   0.111252958853023E-15
   0.484807269926212E+00
   0.606782854139158E+00
   0.000000000000000E+00
   0.175152005695783E+00
   0.472861261013561E-16
   0.000000000000000E+00
   0.000000000000000E+00
   0.000000000000000E+00
   0.314569900985213E+00
   0.000000000000000E+00
   0.000000000000000E+00
   0.391443165595246E+00
   0.000000000000000E+00
   0.000000000000000E+00
   0.000000000000000E+00
   0.251444504134963E+00
  -0.194759907125140E+00
   0.000000000000000E+00
   0.000000000000000E+00
   0.000000000000000E+00
   0.000000000000000E+00
   0.000000000000000E+00
   0.100000000000000E+01
   0.000000000000000E+00
   0.000000000000000E+00
   0.000000000000000E+00
   0.000000000000000E+00
   0.509438637778287E-01
   0.000000000000000E+00
   0.000000000000000E+00
  -0.868631425104149E-01
  -0.339716429393090E+00
  -0.309561968920353E+00
   0.000000000000000E+00
  -0.797102341308579E-01
   0.305395271058605E+00
   0.000000000000000E+00
   0.713616848398378E-01
   0.247923650902069E+00
  -0.236627633144510E+00
   0.000000000000000E+00
   0.000000000000000E+00
  -0.214136800656263E+00
   0.164586554414169E+00
  -0.397325516532199E+00
  -0.113762123542977E-15
  -0.222505917706046E-15
   0.000000000000000E+00
   0.100000000000000E+01
  -0.716877347619594E-31
  -0.181623683852294E+00
  -0.175152005695783E+00
   0.000000000000000E+00
  -0.252379055876836E+00
   0.235345546765455E-16
   0.672810790839386E-01
   0.263132178868261E+00
   0.239775613803205E+00
   0.000000000000000E+00
   0.305395271058605E+00
   0.780216621105807E-01
   0.000000000000000E+00
   0.247923650902069E+00
   0.199410385280846E+00
   0.183283289539428E+00
   0.000000000000000E+00
   0.000000000000000E+00
   0.390752065841488E+00
  -0.268923945612921E-01
   0.828647448175627E-01
   0.142315739071555E-15
   0.111252958853023E-15
   0.000000000000000E+00
  -0.716877347619594E-31
   0.100000000000000E+01
   0.327383041078675E-16
   0.472861261013561E-16
   0.000000000000000E+00
  -0.235345546765455E-16
   0.509438637778287E-01
   0.650182549979826E-01
   0.518784452014916E+00
   0.616698670352645E+00
   0.000000000000000E+00
  -0.323404912039749E+00
  -0.250497861742357E+00
   0.000000000000000E+00
  -0.444384584910769E+00
  -0.344204383320346E+00
   0.284268023760241E+00
   0.000000000000000E+00
   0.000000000000000E+00
   0.376543878508155E+00
   0.123795858311165E+00
   0.339628892815550E+00
   0.375341828475822E+00
   0.484807269926212E+00
   0.000000000000000E+00
  -0.181623683852294E+00
   0.327383041078675E-16
   0.100000101692310E+01
   0.903687361540885E+00
   0.000000000000000E+00
   0.113762123542977E-15
   0.142315739071555E-15
   0.680582856878810E-01
   0.536613009232307E+00
   0.647846959747374E+00
   0.000000000000000E+00
  -0.200253527735150E+00
  -0.155109210270292E+00
   0.000000000000000E+00
  -0.309745915076078E+00
  -0.239918091907184E+00
   0.323396950281968E+00
   0.000000000000000E+00
   0.000000000000000E+00
   0.338477908424424E+00
   0.202323799925814E-01
   0.332444766216417E+00
   0.484807269926212E+00
   0.606782854139158E+00
   0.000000000000000E+00
  -0.175152005695783E+00
   0.472861261013561E-16
   0.903687361540885E+00
   0.100000000000000E+01
   0.000000000000000E+00
   0.222505917706046E-15
   0.111252958853023E-15
   0.000000000000000E+00
   0.000000000000000E+00
   0.000000000000000E+00
   0.314569900985213E+00
   0.000000000000000E+00
   0.000000000000000E+00
   0.391443165595246E+00
   0.000000000000000E+00
   0.000000000000000E+00
   0.000000000000000E+00
  -0.251444504134963E+00
  -0.194759907125140E+00
   0.000000000000000E+00
   0.000000000000000E+00
   0.000000000000000E+00
   0.000000000000000E+00
   0.000000000000000E+00
   0.509438637778287E-01
   0.000000000000000E+00
   0.000000000000000E+00
   0.000000000000000E+00
   0.000000000000000E+00
   0.100000000000000E+01
   0.000000000000000E+00
   0.000000000000000E+00
   0.868631425104149E-01
   0.339716429393090E+00
   0.309561968920353E+00
   0.000000000000000E+00
  -0.797102341308579E-01
  -0.305395271058605E+00
   0.000000000000000E+00
   0.713616848398378E-01
  -0.247923650902069E+00
   0.236627633144510E+00
   0.000000000000000E+00
   0.000000000000000E+00
   0.214136800656263E+00
   0.164586554414169E+00
   0.397325516532199E+00
   0.181623683852294E+00
   0.175152005695783E+00
   0.000000000000000E+00
  -0.252379055876836E+00
  -0.235345546765455E-16
   0.113762123542977E-15
   0.222505917706046E-15
   0.000000000000000E+00
   0.100000000000000E+01
   0.716877347619594E-31
   0.672810790839386E-01
   0.263132178868261E+00
   0.239775613803205E+00
   0.000000000000000E+00
  -0.305395271058605E+00
   0.780216621105807E-01
   0.000000000000000E+00
  -0.247923650902069E+00
   0.199410385280846E+00
   0.183283289539428E+00
   0.000000000000000E+00
   0.000000000000000E+00
   0.390752065841488E+00
   0.268923945612921E-01
   0.828647448175627E-01
   0.327383041078675E-16
   0.472861261013561E-16
   0.000000000000000E+00
   0.235345546765455E-16
   0.509438637778287E-01
   0.142315739071555E-15
   0.111252958853023E-15
   0.000000000000000E+00
   0.716877347619594E-31
   0.100000000000000E+01
