Basis set (read-only) ::

  Atom 1
  S   9
    1     11720.000000          0.000710
    2      1759.000000          0.005470
    3       400.800000          0.027837
    4       113.700000          0.104800
    5        37.030000          0.283062
    6        13.270000          0.448719
    7         5.025000          0.270952
    8         1.013000          0.015458
    9         0.302300         -0.002585
  S   9
    1     11720.000000         -0.000160
    2      1759.000000         -0.001263
    3       400.800000         -0.006267
    4       113.700000         -0.025716
    5        37.030000         -0.070924
    6        13.270000         -0.165411
    7         5.025000         -0.116955
    8         1.013000          0.557368
    9         0.302300          0.572759
  S   1
    1         0.302300          1.000000
  P   4
    1        17.700000          0.043018
    2         3.854000          0.228913
    3         1.046000          0.508728
    4         0.275300          0.460531
  P   1
    1         0.275300          1.000000
  D   1
    1         1.185000          1.000000

  Atom 2
  S   4
    1        13.010000          0.019685
    2         1.962000          0.137977
    3         0.444600          0.478148
    4         0.122000          0.501240
  S   1
    1         0.122000          1.000000
  P   1
    1         0.727000          1.000000

  Atom 3
  S   4
    1        13.010000          0.019685
    2         1.962000          0.137977
    3         0.444600          0.478148
    4         0.122000          0.501240
  S   1
    1         0.122000          1.000000
  P   1
    1         0.727000          1.000000
