rank_mo_coefficient 2
dims_mo_coefficient 0 6
dims_mo_coefficient 1 6
rank_mo_coefficient_im 0
rank_mo_occupation 0
rank_mo_energy 0
rank_mo_spin 0
rank_mo_class 0
rank_mo_symmetry 0
mo_num_isSet 1 
mo_num 6 
len_mo_type 0
mo_type
mo_coefficient
  6.7519208273163012e-01
  2.7467599867497339e-01
 -1.2229510699771566e+00
  1.4137750637320117e+00
  7.3743959739358189e-01
  3.6223426557043759e+00
 -1.5084422776518858e-01
  1.6524147973926617e+00
  1.3414137965785251e+00
 -2.2890795538875213e+00
 -5.8558990583199932e-01
 -1.6672517943540761e+00
  2.1796368139363805e-02
  1.1343842303684680e-02
 -2.2127710449980350e-02
 -3.5745273403119199e-01
 -6.9296136990495472e-01
  1.8602551156612983e+00
  6.7519208273163100e-01
 -2.7467599867497910e-01
 -1.2229510699771513e+00
 -1.4137750637320157e+00
  7.3743959739359310e-01
 -3.6223426557043710e+00
 -1.5084422776518794e-01
 -1.6524147973926553e+00
  1.3414137965785251e+00
  2.2890795538875262e+00
 -5.8558990583200821e-01
  1.6672517943540723e+00
 -2.1796368139364312e-02
  1.1343842303684258e-02
  2.2127710449982615e-02
 -3.5745273403119127e-01
  6.9296136990494994e-01
  1.8602551156613010e+00
mo_coefficient_im
mo_occupation
mo_energy
mo_spin
mo_class
mo_symmetry
