rank_mo_1e_int_overlap 2
dims_mo_1e_int_overlap 0 6
dims_mo_1e_int_overlap 1 6
rank_mo_1e_int_kinetic 2
dims_mo_1e_int_kinetic 0 6
dims_mo_1e_int_kinetic 1 6
rank_mo_1e_int_potential_n_e 2
dims_mo_1e_int_potential_n_e 0 6
dims_mo_1e_int_potential_n_e 1 6
rank_mo_1e_int_ecp 0
rank_mo_1e_int_core_hamiltonian 2
dims_mo_1e_int_core_hamiltonian 0 6
dims_mo_1e_int_core_hamiltonian 1 6
rank_mo_1e_int_overlap_im 0
rank_mo_1e_int_kinetic_im 0
rank_mo_1e_int_potential_n_e_im 0
rank_mo_1e_int_ecp_im 0
rank_mo_1e_int_core_hamiltonian_im 0
mo_1e_int_overlap
  1.0000000000000002e+00
  9.0368690205096036e-01
  0.0000000000000000e+00
  7.2165788599126901e-01
  7.5777429727532175e-01
 -3.9164106188561770e-01
  9.0368690205096036e-01
  1.0000000000000002e+00
  0.0000000000000000e+00
  7.5777429727532175e-01
  8.6986750607255536e-01
 -1.7145475825652251e-01
  0.0000000000000000e+00
  0.0000000000000000e+00
  1.0000000000000004e+00
  3.9164106188561759e-01
  1.7145475825652237e-01
 -2.8824348330920357e-01
  7.2165788599126901e-01
  7.5777429727532175e-01
  3.9164106188561770e-01
  1.0000000000000002e+00
  9.0368690205096036e-01
  0.0000000000000000e+00
  7.5777429727532175e-01
  8.6986750607255536e-01
  1.7145475825652251e-01
  9.0368690205096036e-01
  1.0000000000000002e+00
  0.0000000000000000e+00
 -3.9164106188561754e-01
 -1.7145475825652229e-01
 -2.8824348330920357e-01
  0.0000000000000000e+00
  0.0000000000000000e+00
  1.0000000000000004e+00
mo_1e_int_kinetic
  4.9928923249979196e-01
  2.0997888717551400e-01
  0.0000000000000000e+00
  1.9387382286586388e-01
  1.5269736415257798e-01
 -3.7829426182553488e-01
  2.0997888717551400e-01
  1.8300000000000005e-01
  0.0000000000000000e+00
  1.5269736415257801e-01
  1.4439056582440185e-01
 -8.1005119038088380e-02
  0.0000000000000000e+00
  0.0000000000000000e+00
  1.8175000000000010e+00
  3.7829426182553477e-01
  8.1005119038088172e-02
 -8.7610768938520711e-01
  1.9387382286586388e-01
  1.5269736415257801e-01
  3.7829426182553477e-01
  4.9928923249979196e-01
  2.0997888717551400e-01
  0.0000000000000000e+00
  1.5269736415257798e-01
  1.4439056582440185e-01
  8.1005119038088172e-02
  2.0997888717551400e-01
  1.8300000000000005e-01
  0.0000000000000000e+00
 -3.7829426182553488e-01
 -8.1005119038088380e-02
 -8.7610768938520711e-01
  0.0000000000000000e+00
  0.0000000000000000e+00
  1.8175000000000010e+00
mo_1e_int_potential_n_e
 -1.5795358185020507e+00
 -1.1370603860141983e+00
 -2.3405902810559509e-01
 -1.1083407924878195e+00
 -9.7951402575113666e-01
  8.6417242962194030e-01
 -1.1370603860141983e+00
 -1.0264081262292777e+00
 -1.8730269888313919e-01
 -9.7951402575113677e-01
 -9.2645125436749642e-01
  4.0016799088132515e-01
 -2.3405902810559509e-01
 -1.8730269888313919e-01
 -1.6952591417210314e+00
 -8.6417242962193996e-01
 -4.0016799088132482e-01
  6.3682084400101746e-01
 -1.1083407924878195e+00
 -9.7951402575113677e-01
 -8.6417242962193996e-01
 -1.5795358185020509e+00
 -1.1370603860141983e+00
  2.3405902810559509e-01
 -9.7951402575113666e-01
 -9.2645125436749642e-01
 -4.0016799088132482e-01
 -1.1370603860141983e+00
 -1.0264081262292777e+00
  1.8730269888313919e-01
  8.6417242962194030e-01
  4.0016799088132515e-01
  6.3682084400101746e-01
  2.3405902810559509e-01
  1.8730269888313919e-01
 -1.6952591417210314e+00
mo_1e_int_ecp
mo_1e_int_core_hamiltonian
 -1.2135355083825297e+00
  2.3230725611396441e-16
  1.5438015090376611e-01
  3.3848791824997448e-16
  5.0255024577317634e-02
  6.9388939039072284e-17
  6.1194064680976379e-16
 -5.2906749053443702e-01
  1.7492992189331591e-15
 -2.1008164557390124e-01
 -5.3711375624931890e-16
 -2.1564254981792604e-02
  1.5438015090376592e-01
  8.7499858704084832e-16
 -3.2481132819342118e-01
  1.7477339020466331e-16
 -8.7714750439910824e-02
  9.0205620750793969e-17
  8.9197312730382450e-16
 -2.1008164557390160e-01
 -7.9493703286637185e-16
 -1.1506227477652216e-01
  5.3776427755281020e-16
 -1.6852918834821173e-01
  5.0255024577317682e-02
 -8.1271794849513412e-16
 -8.7714750439911005e-02
  1.2628786905111156e-15
  7.4200972430940737e-01
  7.2164496600635175e-16
 -1.1241008124329710e-15
 -2.1564254981791726e-02
 -1.2611439670351388e-15
 -1.6852918834821179e-01
 -5.8286708792820718e-16
  2.0721352298584881e+00
mo_1e_int_overlap_im
mo_1e_int_kinetic_im
mo_1e_int_potential_n_e_im
mo_1e_int_ecp_im
mo_1e_int_core_hamiltonian_im
