rank_rdm_1e 2
dims_rdm_1e 0 6
dims_rdm_1e 1 6
rank_rdm_1e_up 2
dims_rdm_1e_up 0 6
dims_rdm_1e_up 1 6
rank_rdm_1e_dn 2
dims_rdm_1e_dn 0 6
dims_rdm_1e_dn 1 6
rdm_2e_cholesky_num_isSet 0 
rdm_2e_upup_cholesky_num_isSet 0 
rdm_2e_dndn_cholesky_num_isSet 0 
rdm_2e_updn_cholesky_num_isSet 0 
rdm_1e
  9.1176869716695286e-01
 -2.0369765662564412e-01
  2.9433470400004786e-02
  9.1176869716695408e-01
 -2.0369765662564326e-01
 -2.9433470400005469e-02
 -2.0369765662564412e-01
  4.5507962100152177e-02
 -6.5757126401361872e-03
 -2.0369765662564440e-01
  4.5507962100151983e-02
  6.5757126401363398e-03
  2.9433470400004786e-02
 -6.5757126401361872e-03
  9.5016332813334717e-04
  2.9433470400004824e-02
 -6.5757126401361585e-03
 -9.5016332813336929e-04
  9.1176869716695408e-01
 -2.0369765662564440e-01
  2.9433470400004824e-02
  9.1176869716695530e-01
 -2.0369765662564354e-01
 -2.9433470400005508e-02
 -2.0369765662564326e-01
  4.5507962100151983e-02
 -6.5757126401361585e-03
 -2.0369765662564354e-01
  4.5507962100151789e-02
  6.5757126401363121e-03
 -2.9433470400005469e-02
  6.5757126401363398e-03
 -9.5016332813336929e-04
 -2.9433470400005508e-02
  6.5757126401363121e-03
  9.5016332813339130e-04
rdm_1e_up
  9.1176869716695286e-01
 -2.0369765662564412e-01
  2.9433470400004786e-02
  9.1176869716695408e-01
 -2.0369765662564326e-01
 -2.9433470400005469e-02
 -2.0369765662564412e-01
  4.5507962100152177e-02
 -6.5757126401361872e-03
 -2.0369765662564440e-01
  4.5507962100151983e-02
  6.5757126401363398e-03
  2.9433470400004786e-02
 -6.5757126401361872e-03
  9.5016332813334717e-04
  2.9433470400004824e-02
 -6.5757126401361585e-03
 -9.5016332813336929e-04
  9.1176869716695408e-01
 -2.0369765662564440e-01
  2.9433470400004824e-02
  9.1176869716695530e-01
 -2.0369765662564354e-01
 -2.9433470400005508e-02
 -2.0369765662564326e-01
  4.5507962100151983e-02
 -6.5757126401361585e-03
 -2.0369765662564354e-01
  4.5507962100151789e-02
  6.5757126401363121e-03
 -2.9433470400005469e-02
  6.5757126401363398e-03
 -9.5016332813336929e-04
 -2.9433470400005508e-02
  6.5757126401363121e-03
  9.5016332813339130e-04
rdm_1e_dn
  9.1176869716695286e-01
 -2.0369765662564412e-01
  2.9433470400004786e-02
  9.1176869716695408e-01
 -2.0369765662564326e-01
 -2.9433470400005469e-02
 -2.0369765662564412e-01
  4.5507962100152177e-02
 -6.5757126401361872e-03
 -2.0369765662564440e-01
  4.5507962100151983e-02
  6.5757126401363398e-03
  2.9433470400004786e-02
 -6.5757126401361872e-03
  9.5016332813334717e-04
  2.9433470400004824e-02
 -6.5757126401361585e-03
 -9.5016332813336929e-04
  9.1176869716695408e-01
 -2.0369765662564440e-01
  2.9433470400004824e-02
  9.1176869716695530e-01
 -2.0369765662564354e-01
 -2.9433470400005508e-02
 -2.0369765662564326e-01
  4.5507962100151983e-02
 -6.5757126401361585e-03
 -2.0369765662564354e-01
  4.5507962100151789e-02
  6.5757126401363121e-03
 -2.9433470400005469e-02
  6.5757126401363398e-03
 -9.5016332813336929e-04
 -2.9433470400005508e-02
  6.5757126401363121e-03
  9.5016332813339130e-04
