  0   0   0   0   4.1566107856676243e-01
  0   0   0   1  -9.2862573498762493e-02
  0   0   0   2   1.3418258479857245e-02
  0   0   0   3   4.1566107856676276e-01
  0   0   0   4  -9.2862573498762660e-02
  0   0   0   5  -1.3418258479857434e-02
  0   0   1   0  -9.2862573498762493e-02
  0   0   1   1   2.0746367657389388e-02
  0   0   1   2  -2.9977644734206178e-03
  0   0   1   3  -9.2862573498762577e-02
  0   0   1   4   2.0746367657389419e-02
  0   0   1   5   2.9977644734206599e-03
  0   0   2   0   1.3418258479857245e-02
  0   0   2   1  -2.9977644734206178e-03
  0   0   2   2   4.3316458989397946e-04
  0   0   2   3   1.3418258479857254e-02
  0   0   2   4  -2.9977644734206221e-03
  0   0   2   5  -4.3316458989398559e-04
  0   0   3   0   4.1566107856676276e-01
  0   0   3   1  -9.2862573498762577e-02
  0   0   3   2   1.3418258479857254e-02
  0   0   3   3   4.1566107856676310e-01
  0   0   3   4  -9.2862573498762715e-02
  0   0   3   5  -1.3418258479857446e-02
  0   0   4   0  -9.2862573498762660e-02
  0   0   4   1   2.0746367657389419e-02
  0   0   4   2  -2.9977644734206221e-03
  0   0   4   3  -9.2862573498762715e-02
  0   0   4   4   2.0746367657389454e-02
  0   0   4   5   2.9977644734206646e-03
  0   0   5   0  -1.3418258479857434e-02
  0   0   5   1   2.9977644734206599e-03
  0   0   5   2  -4.3316458989398559e-04
  0   0   5   3  -1.3418258479857446e-02
  0   0   5   4   2.9977644734206646e-03
  0   0   5   5   4.3316458989399171e-04
  0   1   0   0  -9.2862573498762493e-02
  0   1   0   1   2.0746367657389381e-02
  0   1   0   2  -2.9977644734206178e-03
  0   1   0   3  -9.2862573498762577e-02
  0   1   0   4   2.0746367657389419e-02
  0   1   0   5   2.9977644734206599e-03
  0   1   1   0   2.0746367657389377e-02
  0   1   1   1  -4.6349326188047969e-03
  0   1   1   2   6.6972862771968306e-04
  0   1   1   3   2.0746367657389395e-02
  0   1   1   4  -4.6349326188048039e-03
  0   1   1   5  -6.6972862771969238e-04
  0   1   2   0  -2.9977644734206178e-03
  0   1   2   1   6.6972862771968306e-04
  0   1   2   2  -9.6773021676192813e-05
  0   1   2   3  -2.9977644734206195e-03
  0   1   2   4   6.6972862771968403e-04
  0   1   2   5   9.6773021676194182e-05
  0   1   3   0  -9.2862573498762577e-02
  0   1   3   1   2.0746367657389398e-02
  0   1   3   2  -2.9977644734206200e-03
  0   1   3   3  -9.2862573498762646e-02
  0   1   3   4   2.0746367657389436e-02
  0   1   3   5   2.9977644734206625e-03
  0   1   4   0   2.0746367657389419e-02
  0   1   4   1  -4.6349326188048047e-03
  0   1   4   2   6.6972862771968403e-04
  0   1   4   3   2.0746367657389436e-02
  0   1   4   4  -4.6349326188048117e-03
  0   1   4   5  -6.6972862771969368e-04
  0   1   5   0   2.9977644734206599e-03
  0   1   5   1  -6.6972862771969249e-04
  0   1   5   2   9.6773021676194195e-05
  0   1   5   3   2.9977644734206625e-03
  0   1   5   4  -6.6972862771969368e-04
  0   1   5   5  -9.6773021676195564e-05
  0   2   0   0   1.3418258479857245e-02
  0   2   0   1  -2.9977644734206178e-03
  0   2   0   2   4.3316458989397957e-04
  0   2   0   3   1.3418258479857257e-02
  0   2   0   4  -2.9977644734206230e-03
  0   2   0   5  -4.3316458989398570e-04
  0   2   1   0  -2.9977644734206178e-03
  0   2   1   1   6.6972862771968306e-04
  0   2   1   2  -9.6773021676192840e-05
  0   2   1   3  -2.9977644734206195e-03
  0   2   1   4   6.6972862771968425e-04
  0   2   1   5   9.6773021676194182e-05
  0   2   2   0   4.3316458989397963e-04
  0   2   2   1  -9.6773021676192854e-05
  0   2   2   2   1.3983302096891464e-05
  0   2   2   3   4.3316458989397990e-04
  0   2   2   4  -9.6773021676192989e-05
  0   2   2   5  -1.3983302096891663e-05
  0   2   3   0   1.3418258479857259e-02
  0   2   3   1  -2.9977644734206200e-03
  0   2   3   2   4.3316458989397990e-04
  0   2   3   3   1.3418258479857267e-02
  0   2   3   4  -2.9977644734206256e-03
  0   2   3   5  -4.3316458989398602e-04
  0   2   4   0  -2.9977644734206234e-03
  0   2   4   1   6.6972862771968436e-04
  0   2   4   2  -9.6773021676192989e-05
  0   2   4   3  -2.9977644734206260e-03
  0   2   4   4   6.6972862771968534e-04
  0   2   4   5   9.6773021676194385e-05
  0   2   5   0  -4.3316458989398575e-04
  0   2   5   1   9.6773021676194195e-05
  0   2   5   2  -1.3983302096891663e-05
  0   2   5   3  -4.3316458989398602e-04
  0   2   5   4   9.6773021676194385e-05
  0   2   5   5   1.3983302096891859e-05
  0   3   0   0   4.1566107856676276e-01
  0   3   0   1  -9.2862573498762577e-02
  0   3   0   2   1.3418258479857257e-02
  0   3   0   3   4.1566107856676310e-01
  0   3   0   4  -9.2862573498762743e-02
  0   3   0   5  -1.3418258479857446e-02
  0   3   1   0  -9.2862573498762577e-02
  0   3   1   1   2.0746367657389405e-02
  0   3   1   2  -2.9977644734206208e-03
  0   3   1   3  -9.2862573498762646e-02
  0   3   1   4   2.0746367657389436e-02
  0   3   1   5   2.9977644734206625e-03
  0   3   2   0   1.3418258479857259e-02
  0   3   2   1  -2.9977644734206208e-03
  0   3   2   2   4.3316458989397990e-04
  0   3   2   3   1.3418258479857267e-02
  0   3   2   4  -2.9977644734206247e-03
  0   3   2   5  -4.3316458989398602e-04
  0   3   3   0   4.1566107856676310e-01
  0   3   3   1  -9.2862573498762646e-02
  0   3   3   2   1.3418258479857267e-02
  0   3   3   3   4.1566107856676349e-01
  0   3   3   4  -9.2862573498762813e-02
  0   3   3   5  -1.3418258479857455e-02
  0   3   4   0  -9.2862573498762757e-02
  0   3   4   1   2.0746367657389436e-02
  0   3   4   2  -2.9977644734206247e-03
  0   3   4   3  -9.2862573498762813e-02
  0   3   4   4   2.0746367657389471e-02
  0   3   4   5   2.9977644734206677e-03
  0   3   5   0  -1.3418258479857446e-02
  0   3   5   1   2.9977644734206625e-03
  0   3   5   2  -4.3316458989398602e-04
  0   3   5   3  -1.3418258479857456e-02
  0   3   5   4   2.9977644734206677e-03
  0   3   5   5   4.3316458989399215e-04
  0   4   0   0  -9.2862573498762660e-02
  0   4   0   1   2.0746367657389419e-02
  0   4   0   2  -2.9977644734206230e-03
  0   4   0   3  -9.2862573498762743e-02
  0   4   0   4   2.0746367657389454e-02
  0   4   0   5   2.9977644734206655e-03
  0   4   1   0   2.0746367657389419e-02
  0   4   1   1  -4.6349326188048065e-03
  0   4   1   2   6.6972862771968425e-04
  0   4   1   3   2.0746367657389436e-02
  0   4   1   4  -4.6349326188048134e-03
  0   4   1   5  -6.6972862771969368e-04
  0   4   2   0  -2.9977644734206234e-03
  0   4   2   1   6.6972862771968436e-04
  0   4   2   2  -9.6773021676192989e-05
  0   4   2   3  -2.9977644734206260e-03
  0   4   2   4   6.6972862771968534e-04
  0   4   2   5   9.6773021676194358e-05
  0   4   3   0  -9.2862573498762757e-02
  0   4   3   1   2.0746367657389436e-02
  0   4   3   2  -2.9977644734206256e-03
  0   4   3   3  -9.2862573498762813e-02
  0   4   3   4   2.0746367657389471e-02
  0   4   3   5   2.9977644734206677e-03
  0   4   4   0   2.0746367657389454e-02
  0   4   4   1  -4.6349326188048143e-03
  0   4   4   2   6.6972862771968534e-04
  0   4   4   3   2.0746367657389471e-02
  0   4   4   4  -4.6349326188048212e-03
  0   4   4   5  -6.6972862771969488e-04
  0   4   5   0   2.9977644734206659e-03
  0   4   5   1  -6.6972862771969368e-04
  0   4   5   2   9.6773021676194344e-05
  0   4   5   3   2.9977644734206677e-03
  0   4   5   4  -6.6972862771969488e-04
  0   4   5   5  -9.6773021676195713e-05
  0   5   0   0  -1.3418258479857434e-02
  0   5   0   1   2.9977644734206599e-03
  0   5   0   2  -4.3316458989398570e-04
  0   5   0   3  -1.3418258479857446e-02
  0   5   0   4   2.9977644734206655e-03
  0   5   0   5   4.3316458989399182e-04
  0   5   1   0   2.9977644734206599e-03
  0   5   1   1  -6.6972862771969271e-04
  0   5   1   2   9.6773021676194222e-05
  0   5   1   3   2.9977644734206625e-03
  0   5   1   4  -6.6972862771969368e-04
  0   5   1   5  -9.6773021676195564e-05
  0   5   2   0  -4.3316458989398575e-04
  0   5   2   1   9.6773021676194222e-05
  0   5   2   2  -1.3983302096891663e-05
  0   5   2   3  -4.3316458989398602e-04
  0   5   2   4   9.6773021676194358e-05
  0   5   2   5   1.3983302096891859e-05
  0   5   3   0  -1.3418258479857446e-02
  0   5   3   1   2.9977644734206625e-03
  0   5   3   2  -4.3316458989398602e-04
  0   5   3   3  -1.3418258479857460e-02
  0   5   3   4   2.9977644734206677e-03
  0   5   3   5   4.3316458989399215e-04
  0   5   4   0   2.9977644734206659e-03
  0   5   4   1  -6.6972862771969368e-04
  0   5   4   2   9.6773021676194344e-05
  0   5   4   3   2.9977644734206677e-03
  0   5   4   4  -6.6972862771969488e-04
  0   5   4   5  -9.6773021676195740e-05
  0   5   5   0   4.3316458989399188e-04
  0   5   5   1  -9.6773021676195564e-05
  0   5   5   2   1.3983302096891859e-05
  0   5   5   3   4.3316458989399215e-04
  0   5   5   4  -9.6773021676195754e-05
  0   5   5   5  -1.3983302096892057e-05
  1   0   0   0  -9.2862573498762493e-02
  1   0   0   1   2.0746367657389377e-02
  1   0   0   2  -2.9977644734206178e-03
  1   0   0   3  -9.2862573498762577e-02
  1   0   0   4   2.0746367657389419e-02
  1   0   0   5   2.9977644734206599e-03
  1   0   1   0   2.0746367657389381e-02
  1   0   1   1  -4.6349326188047969e-03
  1   0   1   2   6.6972862771968306e-04
  1   0   1   3   2.0746367657389398e-02
  1   0   1   4  -4.6349326188048047e-03
  1   0   1   5  -6.6972862771969249e-04
  1   0   2   0  -2.9977644734206178e-03
  1   0   2   1   6.6972862771968306e-04
  1   0   2   2  -9.6773021676192813e-05
  1   0   2   3  -2.9977644734206200e-03
  1   0   2   4   6.6972862771968403e-04
  1   0   2   5   9.6773021676194195e-05
  1   0   3   0  -9.2862573498762577e-02
  1   0   3   1   2.0746367657389395e-02
  1   0   3   2  -2.9977644734206195e-03
  1   0   3   3  -9.2862573498762646e-02
  1   0   3   4   2.0746367657389436e-02
  1   0   3   5   2.9977644734206625e-03
  1   0   4   0   2.0746367657389419e-02
  1   0   4   1  -4.6349326188048039e-03
  1   0   4   2   6.6972862771968403e-04
  1   0   4   3   2.0746367657389436e-02
  1   0   4   4  -4.6349326188048117e-03
  1   0   4   5  -6.6972862771969368e-04
  1   0   5   0   2.9977644734206599e-03
  1   0   5   1  -6.6972862771969238e-04
  1   0   5   2   9.6773021676194182e-05
  1   0   5   3   2.9977644734206625e-03
  1   0   5   4  -6.6972862771969368e-04
  1   0   5   5  -9.6773021676195564e-05
  1   1   0   0   2.0746367657389388e-02
  1   1   0   1  -4.6349326188047969e-03
  1   1   0   2   6.6972862771968306e-04
  1   1   0   3   2.0746367657389405e-02
  1   1   0   4  -4.6349326188048065e-03
  1   1   0   5  -6.6972862771969271e-04
  1   1   1   0  -4.6349326188047969e-03
  1   1   1   1   1.0354873072544381e-03
  1   1   1   2  -1.4962364080440402e-04
  1   1   1   3  -4.6349326188048013e-03
  1   1   1   4   1.0354873072544399e-03
  1   1   1   5   1.4962364080440613e-04
  1   1   2   0   6.6972862771968306e-04
  1   1   2   1  -1.4962364080440402e-04
  1   1   2   2   2.1619998362823355e-05
  1   1   2   3   6.6972862771968382e-04
  1   1   2   4  -1.4962364080440426e-04
  1   1   2   5  -2.1619998362823660e-05
  1   1   3   0   2.0746367657389405e-02
  1   1   3   1  -4.6349326188048013e-03
  1   1   3   2   6.6972862771968382e-04
  1   1   3   3   2.0746367657389422e-02
  1   1   3   4  -4.6349326188048091e-03
  1   1   3   5  -6.6972862771969325e-04
  1   1   4   0  -4.6349326188048065e-03
  1   1   4   1   1.0354873072544399e-03
  1   1   4   2  -1.4962364080440426e-04
  1   1   4   3  -4.6349326188048091e-03
  1   1   4   4   1.0354873072544416e-03
  1   1   4   5   1.4962364080440643e-04
  1   1   5   0  -6.6972862771969271e-04
  1   1   5   1   1.4962364080440613e-04
  1   1   5   2  -2.1619998362823660e-05
  1   1   5   3  -6.6972862771969325e-04
  1   1   5   4   1.4962364080440643e-04
  1   1   5   5   2.1619998362823965e-05
  1   2   0   0  -2.9977644734206178e-03
  1   2   0   1   6.6972862771968306e-04
  1   2   0   2  -9.6773021676192840e-05
  1   2   0   3  -2.9977644734206208e-03
  1   2   0   4   6.6972862771968425e-04
  1   2   0   5   9.6773021676194222e-05
  1   2   1   0   6.6972862771968306e-04
  1   2   1   1  -1.4962364080440402e-04
  1   2   1   2   2.1619998362823355e-05
  1   2   1   3   6.6972862771968360e-04
  1   2   1   4  -1.4962364080440426e-04
  1   2   1   5  -2.1619998362823660e-05
  1   2   2   0  -9.6773021676192854e-05
  1   2   2   1   2.1619998362823355e-05
  1   2   2   2  -3.1240005035001551e-06
  1   2   2   3  -9.6773021676192935e-05
  1   2   2   4   2.1619998362823389e-05
  1   2   2   5   3.1240005035001999e-06
  1   2   3   0  -2.9977644734206208e-03
  1   2   3   1   6.6972862771968349e-04
  1   2   3   2  -9.6773021676192921e-05
  1   2   3   3  -2.9977644734206234e-03
  1   2   3   4   6.6972862771968479e-04
  1   2   3   5   9.6773021676194304e-05
  1   2   4   0   6.6972862771968436e-04
  1   2   4   1  -1.4962364080440426e-04
  1   2   4   2   2.1619998362823389e-05
  1   2   4   3   6.6972862771968490e-04
  1   2   4   4  -1.4962364080440456e-04
  1   2   4   5  -2.1619998362823701e-05
  1   2   5   0   9.6773021676194222e-05
  1   2   5   1  -2.1619998362823660e-05
  1   2   5   2   3.1240005035001995e-06
  1   2   5   3   9.6773021676194304e-05
  1   2   5   4  -2.1619998362823697e-05
  1   2   5   5  -3.1240005035002436e-06
  1   3   0   0  -9.2862573498762577e-02
  1   3   0   1   2.0746367657389395e-02
  1   3   0   2  -2.9977644734206195e-03
  1   3   0   3  -9.2862573498762646e-02
  1   3   0   4   2.0746367657389436e-02
  1   3   0   5   2.9977644734206625e-03
  1   3   1   0   2.0746367657389398e-02
  1   3   1   1  -4.6349326188048013e-03
  1   3   1   2   6.6972862771968360e-04
  1   3   1   3   2.0746367657389415e-02
  1   3   1   4  -4.6349326188048091e-03
  1   3   1   5  -6.6972862771969303e-04
  1   3   2   0  -2.9977644734206200e-03
  1   3   2   1   6.6972862771968349e-04
  1   3   2   2  -9.6773021676192894e-05
  1   3   2   3  -2.9977644734206226e-03
  1   3   2   4   6.6972862771968458e-04
  1   3   2   5   9.6773021676194277e-05
  1   3   3   0  -9.2862573498762646e-02
  1   3   3   1   2.0746367657389412e-02
  1   3   3   2  -2.9977644734206221e-03
  1   3   3   3  -9.2862573498762729e-02
  1   3   3   4   2.0746367657389454e-02
  1   3   3   5   2.9977644734206651e-03
  1   3   4   0   2.0746367657389436e-02
  1   3   4   1  -4.6349326188048091e-03
  1   3   4   2   6.6972862771968458e-04
  1   3   4   3   2.0746367657389454e-02
  1   3   4   4  -4.6349326188048169e-03
  1   3   4   5  -6.6972862771969423e-04
  1   3   5   0   2.9977644734206625e-03
  1   3   5   1  -6.6972862771969293e-04
  1   3   5   2   9.6773021676194263e-05
  1   3   5   3   2.9977644734206651e-03
  1   3   5   4  -6.6972862771969423e-04
  1   3   5   5  -9.6773021676195645e-05
  1   4   0   0   2.0746367657389419e-02
  1   4   0   1  -4.6349326188048039e-03
  1   4   0   2   6.6972862771968425e-04
  1   4   0   3   2.0746367657389436e-02
  1   4   0   4  -4.6349326188048134e-03
  1   4   0   5  -6.6972862771969368e-04
  1   4   1   0  -4.6349326188048047e-03
  1   4   1   1   1.0354873072544399e-03
  1   4   1   2  -1.4962364080440426e-04
  1   4   1   3  -4.6349326188048091e-03
  1   4   1   4   1.0354873072544416e-03
  1   4   1   5   1.4962364080440638e-04
  1   4   2   0   6.6972862771968436e-04
  1   4   2   1  -1.4962364080440426e-04
  1   4   2   2   2.1619998362823389e-05
  1   4   2   3   6.6972862771968490e-04
  1   4   2   4  -1.4962364080440451e-04
  1   4   2   5  -2.1619998362823701e-05
  1   4   3   0   2.0746367657389436e-02
  1   4   3   1  -4.6349326188048091e-03
  1   4   3   2   6.6972862771968479e-04
  1   4   3   3   2.0746367657389454e-02
  1   4   3   4  -4.6349326188048169e-03
  1   4   3   5  -6.6972862771969423e-04
  1   4   4   0  -4.6349326188048143e-03
  1   4   4   1   1.0354873072544416e-03
  1   4   4   2  -1.4962364080440448e-04
  1   4   4   3  -4.6349326188048169e-03
  1   4   4   4   1.0354873072544433e-03
  1   4   4   5   1.4962364080440665e-04
  1   4   5   0  -6.6972862771969368e-04
  1   4   5   1   1.4962364080440635e-04
  1   4   5   2  -2.1619998362823697e-05
  1   4   5   3  -6.6972862771969423e-04
  1   4   5   4   1.4962364080440665e-04
  1   4   5   5   2.1619998362824002e-05
  1   5   0   0   2.9977644734206599e-03
  1   5   0   1  -6.6972862771969238e-04
  1   5   0   2   9.6773021676194182e-05
  1   5   0   3   2.9977644734206625e-03
  1   5   0   4  -6.6972862771969368e-04
  1   5   0   5  -9.6773021676195564e-05
  1   5   1   0  -6.6972862771969249e-04
  1   5   1   1   1.4962364080440613e-04
  1   5   1   2  -2.1619998362823660e-05
  1   5   1   3  -6.6972862771969303e-04
  1   5   1   4   1.4962364080440638e-04
  1   5   1   5   2.1619998362823965e-05
  1   5   2   0   9.6773021676194195e-05
  1   5   2   1  -2.1619998362823660e-05
  1   5   2   2   3.1240005035001987e-06
  1   5   2   3   9.6773021676194277e-05
  1   5   2   4  -2.1619998362823691e-05
  1   5   2   5  -3.1240005035002436e-06
  1   5   3   0   2.9977644734206625e-03
  1   5   3   1  -6.6972862771969293e-04
  1   5   3   2   9.6773021676194263e-05
  1   5   3   3   2.9977644734206651e-03
  1   5   3   4  -6.6972862771969423e-04
  1   5   3   5  -9.6773021676195645e-05
  1   5   4   0  -6.6972862771969368e-04
  1   5   4   1   1.4962364080440635e-04
  1   5   4   2  -2.1619998362823691e-05
  1   5   4   3  -6.6972862771969423e-04
  1   5   4   4   1.4962364080440665e-04
  1   5   4   5   2.1619998362824002e-05
  1   5   5   0  -9.6773021676195564e-05
  1   5   5   1   2.1619998362823965e-05
  1   5   5   2  -3.1240005035002436e-06
  1   5   5   3  -9.6773021676195645e-05
  1   5   5   4   2.1619998362824002e-05
  1   5   5   5   3.1240005035002876e-06
  2   0   0   0   1.3418258479857245e-02
  2   0   0   1  -2.9977644734206178e-03
  2   0   0   2   4.3316458989397963e-04
  2   0   0   3   1.3418258479857259e-02
  2   0   0   4  -2.9977644734206234e-03
  2   0   0   5  -4.3316458989398575e-04
  2   0   1   0  -2.9977644734206178e-03
  2   0   1   1   6.6972862771968306e-04
  2   0   1   2  -9.6773021676192854e-05
  2   0   1   3  -2.9977644734206200e-03
  2   0   1   4   6.6972862771968436e-04
  2   0   1   5   9.6773021676194195e-05
  2   0   2   0   4.3316458989397957e-04
  2   0   2   1  -9.6773021676192840e-05
  2   0   2   2   1.3983302096891464e-05
  2   0   2   3   4.3316458989397990e-04
  2   0   2   4  -9.6773021676192989e-05
  2   0   2   5  -1.3983302096891663e-05
  2   0   3   0   1.3418258479857257e-02
  2   0   3   1  -2.9977644734206195e-03
  2   0   3   2   4.3316458989397990e-04
  2   0   3   3   1.3418258479857267e-02
  2   0   3   4  -2.9977644734206260e-03
  2   0   3   5  -4.3316458989398602e-04
  2   0   4   0  -2.9977644734206230e-03
  2   0   4   1   6.6972862771968425e-04
  2   0   4   2  -9.6773021676192989e-05
  2   0   4   3  -2.9977644734206256e-03
  2   0   4   4   6.6972862771968534e-04
  2   0   4   5   9.6773021676194385e-05
  2   0   5   0  -4.3316458989398570e-04
  2   0   5   1   9.6773021676194182e-05
  2   0   5   2  -1.3983302096891663e-05
  2   0   5   3  -4.3316458989398602e-04
  2   0   5   4   9.6773021676194385e-05
  2   0   5   5   1.3983302096891859e-05
  2   1   0   0  -2.9977644734206178e-03
  2   1   0   1   6.6972862771968306e-04
  2   1   0   2  -9.6773021676192854e-05
  2   1   0   3  -2.9977644734206208e-03
  2   1   0   4   6.6972862771968436e-04
  2   1   0   5   9.6773021676194222e-05
  2   1   1   0   6.6972862771968306e-04
  2   1   1   1  -1.4962364080440402e-04
  2   1   1   2   2.1619998362823355e-05
  2   1   1   3   6.6972862771968349e-04
  2   1   1   4  -1.4962364080440426e-04
  2   1   1   5  -2.1619998362823660e-05
  2   1   2   0  -9.6773021676192840e-05
  2   1   2   1   2.1619998362823355e-05
  2   1   2   2  -3.1240005035001551e-06
  2   1   2   3  -9.6773021676192921e-05
  2   1   2   4   2.1619998362823389e-05
  2   1   2   5   3.1240005035001995e-06
  2   1   3   0  -2.9977644734206208e-03
  2   1   3   1   6.6972862771968360e-04
  2   1   3   2  -9.6773021676192935e-05
  2   1   3   3  -2.9977644734206234e-03
  2   1   3   4   6.6972862771968490e-04
  2   1   3   5   9.6773021676194304e-05
  2   1   4   0   6.6972862771968425e-04
  2   1   4   1  -1.4962364080440426e-04
  2   1   4   2   2.1619998362823389e-05
  2   1   4   3   6.6972862771968479e-04
  2   1   4   4  -1.4962364080440456e-04
  2   1   4   5  -2.1619998362823697e-05
  2   1   5   0   9.6773021676194222e-05
  2   1   5   1  -2.1619998362823660e-05
  2   1   5   2   3.1240005035001999e-06
  2   1   5   3   9.6773021676194304e-05
  2   1   5   4  -2.1619998362823701e-05
  2   1   5   5  -3.1240005035002436e-06
  2   2   0   0   4.3316458989397946e-04
  2   2   0   1  -9.6773021676192813e-05
  2   2   0   2   1.3983302096891464e-05
  2   2   0   3   4.3316458989397990e-04
  2   2   0   4  -9.6773021676192989e-05
  2   2   0   5  -1.3983302096891663e-05
  2   2   1   0  -9.6773021676192813e-05
  2   2   1   1   2.1619998362823355e-05
  2   2   1   2  -3.1240005035001551e-06
  2   2   1   3  -9.6773021676192894e-05
  2   2   1   4   2.1619998362823389e-05
  2   2   1   5   3.1240005035001987e-06
  2   2   2   0   1.3983302096891464e-05
  2   2   2   1  -3.1240005035001551e-06
  2   2   2   2   4.5140517506471936e-07
  2   2   2   3   1.3983302096891476e-05
  2   2   2   4  -3.1240005035001601e-06
  2   2   2   5  -4.5140517506472577e-07
  2   2   3   0   4.3316458989397990e-04
  2   2   3   1  -9.6773021676192894e-05
  2   2   3   2   1.3983302096891476e-05
  2   2   3   3   4.3316458989398028e-04
  2   2   3   4  -9.6773021676193070e-05
  2   2   3   5  -1.3983302096891673e-05
  2   2   4   0  -9.6773021676192989e-05
  2   2   4   1   2.1619998362823389e-05
  2   2   4   2  -3.1240005035001601e-06
  2   2   4   3  -9.6773021676193070e-05
  2   2   4   4   2.1619998362823430e-05
  2   2   4   5   3.1240005035002050e-06
  2   2   5   0  -1.3983302096891663e-05
  2   2   5   1   3.1240005035001987e-06
  2   2   5   2  -4.5140517506472577e-07
  2   2   5   3  -1.3983302096891673e-05
  2   2   5   4   3.1240005035002050e-06
  2   2   5   5   4.5140517506473217e-07
  2   3   0   0   1.3418258479857254e-02
  2   3   0   1  -2.9977644734206195e-03
  2   3   0   2   4.3316458989397990e-04
  2   3   0   3   1.3418258479857267e-02
  2   3   0   4  -2.9977644734206260e-03
  2   3   0   5  -4.3316458989398602e-04
  2   3   1   0  -2.9977644734206200e-03
  2   3   1   1   6.6972862771968382e-04
  2   3   1   2  -9.6773021676192935e-05
  2   3   1   3  -2.9977644734206226e-03
  2   3   1   4   6.6972862771968490e-04
  2   3   1   5   9.6773021676194277e-05
  2   3   2   0   4.3316458989397990e-04
  2   3   2   1  -9.6773021676192921e-05
  2   3   2   2   1.3983302096891476e-05
  2   3   2   3   4.3316458989398028e-04
  2   3   2   4  -9.6773021676193070e-05
  2   3   2   5  -1.3983302096891673e-05
  2   3   3   0   1.3418258479857267e-02
  2   3   3   1  -2.9977644734206221e-03
  2   3   3   2   4.3316458989398028e-04
  2   3   3   3   1.3418258479857280e-02
  2   3   3   4  -2.9977644734206278e-03
  2   3   3   5  -4.3316458989398640e-04
  2   3   4   0  -2.9977644734206256e-03
  2   3   4   1   6.6972862771968479e-04
  2   3   4   2  -9.6773021676193070e-05
  2   3   4   3  -2.9977644734206278e-03
  2   3   4   4   6.6972862771968588e-04
  2   3   4   5   9.6773021676194466e-05
  2   3   5   0  -4.3316458989398602e-04
  2   3   5   1   9.6773021676194263e-05
  2   3   5   2  -1.3983302096891673e-05
  2   3   5   3  -4.3316458989398640e-04
  2   3   5   4   9.6773021676194466e-05
  2   3   5   5   1.3983302096891871e-05
  2   4   0   0  -2.9977644734206221e-03
  2   4   0   1   6.6972862771968403e-04
  2   4   0   2  -9.6773021676192989e-05
  2   4   0   3  -2.9977644734206247e-03
  2   4   0   4   6.6972862771968534e-04
  2   4   0   5   9.6773021676194358e-05
  2   4   1   0   6.6972862771968403e-04
  2   4   1   1  -1.4962364080440426e-04
  2   4   1   2   2.1619998362823389e-05
  2   4   1   3   6.6972862771968458e-04
  2   4   1   4  -1.4962364080440451e-04
  2   4   1   5  -2.1619998362823691e-05
  2   4   2   0  -9.6773021676192989e-05
  2   4   2   1   2.1619998362823389e-05
  2   4   2   2  -3.1240005035001601e-06
  2   4   2   3  -9.6773021676193070e-05
  2   4   2   4   2.1619998362823423e-05
  2   4   2   5   3.1240005035002042e-06
  2   4   3   0  -2.9977644734206247e-03
  2   4   3   1   6.6972862771968458e-04
  2   4   3   2  -9.6773021676193070e-05
  2   4   3   3  -2.9977644734206278e-03
  2   4   3   4   6.6972862771968588e-04
  2   4   3   5   9.6773021676194439e-05
  2   4   4   0   6.6972862771968534e-04
  2   4   4   1  -1.4962364080440448e-04
  2   4   4   2   2.1619998362823420e-05
  2   4   4   3   6.6972862771968588e-04
  2   4   4   4  -1.4962364080440475e-04
  2   4   4   5  -2.1619998362823731e-05
  2   4   5   0   9.6773021676194344e-05
  2   4   5   1  -2.1619998362823691e-05
  2   4   5   2   3.1240005035002038e-06
  2   4   5   3   9.6773021676194426e-05
  2   4   5   4  -2.1619998362823731e-05
  2   4   5   5  -3.1240005035002487e-06
  2   5   0   0  -4.3316458989398559e-04
  2   5   0   1   9.6773021676194182e-05
  2   5   0   2  -1.3983302096891663e-05
  2   5   0   3  -4.3316458989398602e-04
  2   5   0   4   9.6773021676194358e-05
  2   5   0   5   1.3983302096891859e-05
  2   5   1   0   9.6773021676194195e-05
  2   5   1   1  -2.1619998362823660e-05
  2   5   1   2   3.1240005035001999e-06
  2   5   1   3   9.6773021676194277e-05
  2   5   1   4  -2.1619998362823701e-05
  2   5   1   5  -3.1240005035002436e-06
  2   5   2   0  -1.3983302096891663e-05
  2   5   2   1   3.1240005035001995e-06
  2   5   2   2  -4.5140517506472577e-07
  2   5   2   3  -1.3983302096891673e-05
  2   5   2   4   3.1240005035002042e-06
  2   5   2   5   4.5140517506473217e-07
  2   5   3   0  -4.3316458989398602e-04
  2   5   3   1   9.6773021676194263e-05
  2   5   3   2  -1.3983302096891673e-05
  2   5   3   3  -4.3316458989398640e-04
  2   5   3   4   9.6773021676194439e-05
  2   5   3   5   1.3983302096891871e-05
  2   5   4   0   9.6773021676194344e-05
  2   5   4   1  -2.1619998362823697e-05
  2   5   4   2   3.1240005035002038e-06
  2   5   4   3   9.6773021676194426e-05
  2   5   4   4  -2.1619998362823731e-05
  2   5   4   5  -3.1240005035002487e-06
  2   5   5   0   1.3983302096891859e-05
  2   5   5   1  -3.1240005035002436e-06
  2   5   5   2   4.5140517506473217e-07
  2   5   5   3   1.3983302096891871e-05
  2   5   5   4  -3.1240005035002487e-06
  2   5   5   5  -4.5140517506473853e-07
  3   0   0   0   4.1566107856676276e-01
  3   0   0   1  -9.2862573498762577e-02
  3   0   0   2   1.3418258479857259e-02
  3   0   0   3   4.1566107856676310e-01
  3   0   0   4  -9.2862573498762757e-02
  3   0   0   5  -1.3418258479857446e-02
  3   0   1   0  -9.2862573498762577e-02
  3   0   1   1   2.0746367657389405e-02
  3   0   1   2  -2.9977644734206208e-03
  3   0   1   3  -9.2862573498762646e-02
  3   0   1   4   2.0746367657389436e-02
  3   0   1   5   2.9977644734206625e-03
  3   0   2   0   1.3418258479857257e-02
  3   0   2   1  -2.9977644734206208e-03
  3   0   2   2   4.3316458989397990e-04
  3   0   2   3   1.3418258479857267e-02
  3   0   2   4  -2.9977644734206247e-03
  3   0   2   5  -4.3316458989398602e-04
  3   0   3   0   4.1566107856676310e-01
  3   0   3   1  -9.2862573498762646e-02
  3   0   3   2   1.3418258479857267e-02
  3   0   3   3   4.1566107856676349e-01
  3   0   3   4  -9.2862573498762813e-02
  3   0   3   5  -1.3418258479857456e-02
  3   0   4   0  -9.2862573498762743e-02
  3   0   4   1   2.0746367657389436e-02
  3   0   4   2  -2.9977644734206247e-03
  3   0   4   3  -9.2862573498762813e-02
  3   0   4   4   2.0746367657389471e-02
  3   0   4   5   2.9977644734206677e-03
  3   0   5   0  -1.3418258479857446e-02
  3   0   5   1   2.9977644734206625e-03
  3   0   5   2  -4.3316458989398602e-04
  3   0   5   3  -1.3418258479857455e-02
  3   0   5   4   2.9977644734206677e-03
  3   0   5   5   4.3316458989399215e-04
  3   1   0   0  -9.2862573498762577e-02
  3   1   0   1   2.0746367657389398e-02
  3   1   0   2  -2.9977644734206200e-03
  3   1   0   3  -9.2862573498762646e-02
  3   1   0   4   2.0746367657389436e-02
  3   1   0   5   2.9977644734206625e-03
  3   1   1   0   2.0746367657389395e-02
  3   1   1   1  -4.6349326188048013e-03
  3   1   1   2   6.6972862771968349e-04
  3   1   1   3   2.0746367657389412e-02
  3   1   1   4  -4.6349326188048091e-03
  3   1   1   5  -6.6972862771969293e-04
  3   1   2   0  -2.9977644734206195e-03
  3   1   2   1   6.6972862771968360e-04
  3   1   2   2  -9.6773021676192894e-05
  3   1   2   3  -2.9977644734206221e-03
  3   1   2   4   6.6972862771968458e-04
  3   1   2   5   9.6773021676194263e-05
  3   1   3   0  -9.2862573498762646e-02
  3   1   3   1   2.0746367657389415e-02
  3   1   3   2  -2.9977644734206226e-03
  3   1   3   3  -9.2862573498762729e-02
  3   1   3   4   2.0746367657389454e-02
  3   1   3   5   2.9977644734206651e-03
  3   1   4   0   2.0746367657389436e-02
  3   1   4   1  -4.6349326188048091e-03
  3   1   4   2   6.6972862771968458e-04
  3   1   4   3   2.0746367657389454e-02
  3   1   4   4  -4.6349326188048169e-03
  3   1   4   5  -6.6972862771969423e-04
  3   1   5   0   2.9977644734206625e-03
  3   1   5   1  -6.6972862771969303e-04
  3   1   5   2   9.6773021676194277e-05
  3   1   5   3   2.9977644734206651e-03
  3   1   5   4  -6.6972862771969423e-04
  3   1   5   5  -9.6773021676195645e-05
  3   2   0   0   1.3418258479857254e-02
  3   2   0   1  -2.9977644734206200e-03
  3   2   0   2   4.3316458989397990e-04
  3   2   0   3   1.3418258479857267e-02
  3   2   0   4  -2.9977644734206256e-03
  3   2   0   5  -4.3316458989398602e-04
  3   2   1   0  -2.9977644734206195e-03
  3   2   1   1   6.6972862771968382e-04
  3   2   1   2  -9.6773021676192921e-05
  3   2   1   3  -2.9977644734206221e-03
  3   2   1   4   6.6972862771968479e-04
  3   2   1   5   9.6773021676194263e-05
  3   2   2   0   4.3316458989397990e-04
  3   2   2   1  -9.6773021676192935e-05
  3   2   2   2   1.3983302096891476e-05
  3   2   2   3   4.3316458989398028e-04
  3   2   2   4  -9.6773021676193070e-05
  3   2   2   5  -1.3983302096891673e-05
  3   2   3   0   1.3418258479857267e-02
  3   2   3   1  -2.9977644734206226e-03
  3   2   3   2   4.3316458989398028e-04
  3   2   3   3   1.3418258479857280e-02
  3   2   3   4  -2.9977644734206278e-03
  3   2   3   5  -4.3316458989398640e-04
  3   2   4   0  -2.9977644734206260e-03
  3   2   4   1   6.6972862771968490e-04
  3   2   4   2  -9.6773021676193070e-05
  3   2   4   3  -2.9977644734206278e-03
  3   2   4   4   6.6972862771968588e-04
  3   2   4   5   9.6773021676194466e-05
  3   2   5   0  -4.3316458989398602e-04
  3   2   5   1   9.6773021676194277e-05
  3   2   5   2  -1.3983302096891673e-05
  3   2   5   3  -4.3316458989398640e-04
  3   2   5   4   9.6773021676194466e-05
  3   2   5   5   1.3983302096891871e-05
  3   3   0   0   4.1566107856676310e-01
  3   3   0   1  -9.2862573498762646e-02
  3   3   0   2   1.3418258479857267e-02
  3   3   0   3   4.1566107856676349e-01
  3   3   0   4  -9.2862573498762813e-02
  3   3   0   5  -1.3418258479857460e-02
  3   3   1   0  -9.2862573498762646e-02
  3   3   1   1   2.0746367657389422e-02
  3   3   1   2  -2.9977644734206234e-03
  3   3   1   3  -9.2862573498762729e-02
  3   3   1   4   2.0746367657389454e-02
  3   3   1   5   2.9977644734206651e-03
  3   3   2   0   1.3418258479857267e-02
  3   3   2   1  -2.9977644734206234e-03
  3   3   2   2   4.3316458989398028e-04
  3   3   2   3   1.3418258479857280e-02
  3   3   2   4  -2.9977644734206278e-03
  3   3   2   5  -4.3316458989398640e-04
  3   3   3   0   4.1566107856676349e-01
  3   3   3   1  -9.2862573498762729e-02
  3   3   3   2   1.3418258479857280e-02
  3   3   3   3   4.1566107856676382e-01
  3   3   3   4  -9.2862573498762896e-02
  3   3   3   5  -1.3418258479857469e-02
  3   3   4   0  -9.2862573498762813e-02
  3   3   4   1   2.0746367657389454e-02
  3   3   4   2  -2.9977644734206278e-03
  3   3   4   3  -9.2862573498762896e-02
  3   3   4   4   2.0746367657389488e-02
  3   3   4   5   2.9977644734206703e-03
  3   3   5   0  -1.3418258479857460e-02
  3   3   5   1   2.9977644734206651e-03
  3   3   5   2  -4.3316458989398640e-04
  3   3   5   3  -1.3418258479857469e-02
  3   3   5   4   2.9977644734206703e-03
  3   3   5   5   4.3316458989399253e-04
  3   4   0   0  -9.2862573498762715e-02
  3   4   0   1   2.0746367657389436e-02
  3   4   0   2  -2.9977644734206256e-03
  3   4   0   3  -9.2862573498762813e-02
  3   4   0   4   2.0746367657389471e-02
  3   4   0   5   2.9977644734206677e-03
  3   4   1   0   2.0746367657389436e-02
  3   4   1   1  -4.6349326188048091e-03
  3   4   1   2   6.6972862771968479e-04
  3   4   1   3   2.0746367657389454e-02
  3   4   1   4  -4.6349326188048169e-03
  3   4   1   5  -6.6972862771969423e-04
  3   4   2   0  -2.9977644734206260e-03
  3   4   2   1   6.6972862771968490e-04
  3   4   2   2  -9.6773021676193070e-05
  3   4   2   3  -2.9977644734206278e-03
  3   4   2   4   6.6972862771968588e-04
  3   4   2   5   9.6773021676194439e-05
  3   4   3   0  -9.2862573498762813e-02
  3   4   3   1   2.0746367657389454e-02
  3   4   3   2  -2.9977644734206278e-03
  3   4   3   3  -9.2862573498762896e-02
  3   4   3   4   2.0746367657389488e-02
  3   4   3   5   2.9977644734206703e-03
  3   4   4   0   2.0746367657389471e-02
  3   4   4   1  -4.6349326188048169e-03
  3   4   4   2   6.6972862771968588e-04
  3   4   4   3   2.0746367657389488e-02
  3   4   4   4  -4.6349326188048247e-03
  3   4   4   5  -6.6972862771969542e-04
  3   4   5   0   2.9977644734206677e-03
  3   4   5   1  -6.6972862771969423e-04
  3   4   5   2   9.6773021676194426e-05
  3   4   5   3   2.9977644734206703e-03
  3   4   5   4  -6.6972862771969542e-04
  3   4   5   5  -9.6773021676195794e-05
  3   5   0   0  -1.3418258479857446e-02
  3   5   0   1   2.9977644734206625e-03
  3   5   0   2  -4.3316458989398602e-04
  3   5   0   3  -1.3418258479857455e-02
  3   5   0   4   2.9977644734206677e-03
  3   5   0   5   4.3316458989399215e-04
  3   5   1   0   2.9977644734206625e-03
  3   5   1   1  -6.6972862771969325e-04
  3   5   1   2   9.6773021676194304e-05
  3   5   1   3   2.9977644734206651e-03
  3   5   1   4  -6.6972862771969423e-04
  3   5   1   5  -9.6773021676195645e-05
  3   5   2   0  -4.3316458989398602e-04
  3   5   2   1   9.6773021676194304e-05
  3   5   2   2  -1.3983302096891673e-05
  3   5   2   3  -4.3316458989398640e-04
  3   5   2   4   9.6773021676194439e-05
  3   5   2   5   1.3983302096891871e-05
  3   5   3   0  -1.3418258479857456e-02
  3   5   3   1   2.9977644734206651e-03
  3   5   3   2  -4.3316458989398640e-04
  3   5   3   3  -1.3418258479857469e-02
  3   5   3   4   2.9977644734206703e-03
  3   5   3   5   4.3316458989399253e-04
  3   5   4   0   2.9977644734206677e-03
  3   5   4   1  -6.6972862771969423e-04
  3   5   4   2   9.6773021676194426e-05
  3   5   4   3   2.9977644734206703e-03
  3   5   4   4  -6.6972862771969542e-04
  3   5   4   5  -9.6773021676195822e-05
  3   5   5   0   4.3316458989399215e-04
  3   5   5   1  -9.6773021676195645e-05
  3   5   5   2   1.3983302096891871e-05
  3   5   5   3   4.3316458989399253e-04
  3   5   5   4  -9.6773021676195835e-05
  3   5   5   5  -1.3983302096892069e-05
  4   0   0   0  -9.2862573498762660e-02
  4   0   0   1   2.0746367657389419e-02
  4   0   0   2  -2.9977644734206234e-03
  4   0   0   3  -9.2862573498762757e-02
  4   0   0   4   2.0746367657389454e-02
  4   0   0   5   2.9977644734206659e-03
  4   0   1   0   2.0746367657389419e-02
  4   0   1   1  -4.6349326188048065e-03
  4   0   1   2   6.6972862771968436e-04
  4   0   1   3   2.0746367657389436e-02
  4   0   1   4  -4.6349326188048143e-03
  4   0   1   5  -6.6972862771969368e-04
  4   0   2   0  -2.9977644734206230e-03
  4   0   2   1   6.6972862771968425e-04
  4   0   2   2  -9.6773021676192989e-05
  4   0   2   3  -2.9977644734206256e-03
  4   0   2   4   6.6972862771968534e-04
  4   0   2   5   9.6773021676194344e-05
  4   0   3   0  -9.2862573498762743e-02
  4   0   3   1   2.0746367657389436e-02
  4   0   3   2  -2.9977644734206260e-03
  4   0   3   3  -9.2862573498762813e-02
  4   0   3   4   2.0746367657389471e-02
  4   0   3   5   2.9977644734206677e-03
  4   0   4   0   2.0746367657389454e-02
  4   0   4   1  -4.6349326188048134e-03
  4   0   4   2   6.6972862771968534e-04
  4   0   4   3   2.0746367657389471e-02
  4   0   4   4  -4.6349326188048212e-03
  4   0   4   5  -6.6972862771969488e-04
  4   0   5   0   2.9977644734206655e-03
  4   0   5   1  -6.6972862771969368e-04
  4   0   5   2   9.6773021676194358e-05
  4   0   5   3   2.9977644734206677e-03
  4   0   5   4  -6.6972862771969488e-04
  4   0   5   5  -9.6773021676195713e-05
  4   1   0   0   2.0746367657389419e-02
  4   1   0   1  -4.6349326188048047e-03
  4   1   0   2   6.6972862771968436e-04
  4   1   0   3   2.0746367657389436e-02
  4   1   0   4  -4.6349326188048143e-03
  4   1   0   5  -6.6972862771969368e-04
  4   1   1   0  -4.6349326188048039e-03
  4   1   1   1   1.0354873072544399e-03
  4   1   1   2  -1.4962364080440426e-04
  4   1   1   3  -4.6349326188048091e-03
  4   1   1   4   1.0354873072544416e-03
  4   1   1   5   1.4962364080440635e-04
  4   1   2   0   6.6972862771968425e-04
  4   1   2   1  -1.4962364080440426e-04
  4   1   2   2   2.1619998362823389e-05
  4   1   2   3   6.6972862771968479e-04
  4   1   2   4  -1.4962364080440448e-04
  4   1   2   5  -2.1619998362823697e-05
  4   1   3   0   2.0746367657389436e-02
  4   1   3   1  -4.6349326188048091e-03
  4   1   3   2   6.6972862771968490e-04
  4   1   3   3   2.0746367657389454e-02
  4   1   3   4  -4.6349326188048169e-03
  4   1   3   5  -6.6972862771969423e-04
  4   1   4   0  -4.6349326188048134e-03
  4   1   4   1   1.0354873072544416e-03
  4   1   4   2  -1.4962364080440451e-04
  4   1   4   3  -4.6349326188048169e-03
  4   1   4   4   1.0354873072544433e-03
  4   1   4   5   1.4962364080440665e-04
  4   1   5   0  -6.6972862771969368e-04
  4   1   5   1   1.4962364080440638e-04
  4   1   5   2  -2.1619998362823701e-05
  4   1   5   3  -6.6972862771969423e-04
  4   1   5   4   1.4962364080440665e-04
  4   1   5   5   2.1619998362824002e-05
  4   2   0   0  -2.9977644734206221e-03
  4   2   0   1   6.6972862771968403e-04
  4   2   0   2  -9.6773021676192989e-05
  4   2   0   3  -2.9977644734206247e-03
  4   2   0   4   6.6972862771968534e-04
  4   2   0   5   9.6773021676194344e-05
  4   2   1   0   6.6972862771968403e-04
  4   2   1   1  -1.4962364080440426e-04
  4   2   1   2   2.1619998362823389e-05
  4   2   1   3   6.6972862771968458e-04
  4   2   1   4  -1.4962364080440448e-04
  4   2   1   5  -2.1619998362823691e-05
  4   2   2   0  -9.6773021676192989e-05
  4   2   2   1   2.1619998362823389e-05
  4   2   2   2  -3.1240005035001601e-06
  4   2   2   3  -9.6773021676193070e-05
  4   2   2   4   2.1619998362823420e-05
  4   2   2   5   3.1240005035002038e-06
  4   2   3   0  -2.9977644734206247e-03
  4   2   3   1   6.6972862771968458e-04
  4   2   3   2  -9.6773021676193070e-05
  4   2   3   3  -2.9977644734206278e-03
  4   2   3   4   6.6972862771968588e-04
  4   2   3   5   9.6773021676194426e-05
  4   2   4   0   6.6972862771968534e-04
  4   2   4   1  -1.4962364080440451e-04
  4   2   4   2   2.1619998362823423e-05
  4   2   4   3   6.6972862771968588e-04
  4   2   4   4  -1.4962364080440475e-04
  4   2   4   5  -2.1619998362823731e-05
  4   2   5   0   9.6773021676194358e-05
  4   2   5   1  -2.1619998362823691e-05
  4   2   5   2   3.1240005035002042e-06
  4   2   5   3   9.6773021676194439e-05
  4   2   5   4  -2.1619998362823731e-05
  4   2   5   5  -3.1240005035002487e-06
  4   3   0   0  -9.2862573498762715e-02
  4   3   0   1   2.0746367657389436e-02
  4   3   0   2  -2.9977644734206260e-03
  4   3   0   3  -9.2862573498762813e-02
  4   3   0   4   2.0746367657389471e-02
  4   3   0   5   2.9977644734206677e-03
  4   3   1   0   2.0746367657389436e-02
  4   3   1   1  -4.6349326188048091e-03
  4   3   1   2   6.6972862771968490e-04
  4   3   1   3   2.0746367657389454e-02
  4   3   1   4  -4.6349326188048169e-03
  4   3   1   5  -6.6972862771969423e-04
  4   3   2   0  -2.9977644734206256e-03
  4   3   2   1   6.6972862771968479e-04
  4   3   2   2  -9.6773021676193070e-05
  4   3   2   3  -2.9977644734206278e-03
  4   3   2   4   6.6972862771968588e-04
  4   3   2   5   9.6773021676194426e-05
  4   3   3   0  -9.2862573498762813e-02
  4   3   3   1   2.0746367657389454e-02
  4   3   3   2  -2.9977644734206278e-03
  4   3   3   3  -9.2862573498762896e-02
  4   3   3   4   2.0746367657389488e-02
  4   3   3   5   2.9977644734206703e-03
  4   3   4   0   2.0746367657389471e-02
  4   3   4   1  -4.6349326188048169e-03
  4   3   4   2   6.6972862771968588e-04
  4   3   4   3   2.0746367657389488e-02
  4   3   4   4  -4.6349326188048247e-03
  4   3   4   5  -6.6972862771969542e-04
  4   3   5   0   2.9977644734206677e-03
  4   3   5   1  -6.6972862771969423e-04
  4   3   5   2   9.6773021676194439e-05
  4   3   5   3   2.9977644734206703e-03
  4   3   5   4  -6.6972862771969542e-04
  4   3   5   5  -9.6773021676195794e-05
  4   4   0   0   2.0746367657389454e-02
  4   4   0   1  -4.6349326188048117e-03
  4   4   0   2   6.6972862771968534e-04
  4   4   0   3   2.0746367657389471e-02
  4   4   0   4  -4.6349326188048212e-03
  4   4   0   5  -6.6972862771969488e-04
  4   4   1   0  -4.6349326188048117e-03
  4   4   1   1   1.0354873072544416e-03
  4   4   1   2  -1.4962364080440456e-04
  4   4   1   3  -4.6349326188048169e-03
  4   4   1   4   1.0354873072544433e-03
  4   4   1   5   1.4962364080440665e-04
  4   4   2   0   6.6972862771968534e-04
  4   4   2   1  -1.4962364080440456e-04
  4   4   2   2   2.1619998362823430e-05
  4   4   2   3   6.6972862771968588e-04
  4   4   2   4  -1.4962364080440475e-04
  4   4   2   5  -2.1619998362823731e-05
  4   4   3   0   2.0746367657389471e-02
  4   4   3   1  -4.6349326188048169e-03
  4   4   3   2   6.6972862771968588e-04
  4   4   3   3   2.0746367657389488e-02
  4   4   3   4  -4.6349326188048247e-03
  4   4   3   5  -6.6972862771969542e-04
  4   4   4   0  -4.6349326188048212e-03
  4   4   4   1   1.0354873072544433e-03
  4   4   4   2  -1.4962364080440475e-04
  4   4   4   3  -4.6349326188048247e-03
  4   4   4   4   1.0354873072544451e-03
  4   4   4   5   1.4962364080440689e-04
  4   4   5   0  -6.6972862771969488e-04
  4   4   5   1   1.4962364080440665e-04
  4   4   5   2  -2.1619998362823731e-05
  4   4   5   3  -6.6972862771969542e-04
  4   4   5   4   1.4962364080440689e-04
  4   4   5   5   2.1619998362824040e-05
  4   5   0   0   2.9977644734206646e-03
  4   5   0   1  -6.6972862771969368e-04
  4   5   0   2   9.6773021676194385e-05
  4   5   0   3   2.9977644734206677e-03
  4   5   0   4  -6.6972862771969488e-04
  4   5   0   5  -9.6773021676195740e-05
  4   5   1   0  -6.6972862771969368e-04
  4   5   1   1   1.4962364080440643e-04
  4   5   1   2  -2.1619998362823701e-05
  4   5   1   3  -6.6972862771969423e-04
  4   5   1   4   1.4962364080440665e-04
  4   5   1   5   2.1619998362824002e-05
  4   5   2   0   9.6773021676194385e-05
  4   5   2   1  -2.1619998362823697e-05
  4   5   2   2   3.1240005035002050e-06
  4   5   2   3   9.6773021676194466e-05
  4   5   2   4  -2.1619998362823731e-05
  4   5   2   5  -3.1240005035002487e-06
  4   5   3   0   2.9977644734206677e-03
  4   5   3   1  -6.6972862771969423e-04
  4   5   3   2   9.6773021676194466e-05
  4   5   3   3   2.9977644734206703e-03
  4   5   3   4  -6.6972862771969542e-04
  4   5   3   5  -9.6773021676195822e-05
  4   5   4   0  -6.6972862771969488e-04
  4   5   4   1   1.4962364080440665e-04
  4   5   4   2  -2.1619998362823731e-05
  4   5   4   3  -6.6972862771969542e-04
  4   5   4   4   1.4962364080440689e-04
  4   5   4   5   2.1619998362824040e-05
  4   5   5   0  -9.6773021676195754e-05
  4   5   5   1   2.1619998362824002e-05
  4   5   5   2  -3.1240005035002487e-06
  4   5   5   3  -9.6773021676195835e-05
  4   5   5   4   2.1619998362824040e-05
  4   5   5   5   3.1240005035002931e-06
  5   0   0   0  -1.3418258479857434e-02
  5   0   0   1   2.9977644734206599e-03
  5   0   0   2  -4.3316458989398575e-04
  5   0   0   3  -1.3418258479857446e-02
  5   0   0   4   2.9977644734206659e-03
  5   0   0   5   4.3316458989399188e-04
  5   0   1   0   2.9977644734206599e-03
  5   0   1   1  -6.6972862771969271e-04
  5   0   1   2   9.6773021676194222e-05
  5   0   1   3   2.9977644734206625e-03
  5   0   1   4  -6.6972862771969368e-04
  5   0   1   5  -9.6773021676195564e-05
  5   0   2   0  -4.3316458989398570e-04
  5   0   2   1   9.6773021676194222e-05
  5   0   2   2  -1.3983302096891663e-05
  5   0   2   3  -4.3316458989398602e-04
  5   0   2   4   9.6773021676194344e-05
  5   0   2   5   1.3983302096891859e-05
  5   0   3   0  -1.3418258479857446e-02
  5   0   3   1   2.9977644734206625e-03
  5   0   3   2  -4.3316458989398602e-04
  5   0   3   3  -1.3418258479857460e-02
  5   0   3   4   2.9977644734206677e-03
  5   0   3   5   4.3316458989399215e-04
  5   0   4   0   2.9977644734206655e-03
  5   0   4   1  -6.6972862771969368e-04
  5   0   4   2   9.6773021676194358e-05
  5   0   4   3   2.9977644734206677e-03
  5   0   4   4  -6.6972862771969488e-04
  5   0   4   5  -9.6773021676195754e-05
  5   0   5   0   4.3316458989399182e-04
  5   0   5   1  -9.6773021676195564e-05
  5   0   5   2   1.3983302096891859e-05
  5   0   5   3   4.3316458989399215e-04
  5   0   5   4  -9.6773021676195740e-05
  5   0   5   5  -1.3983302096892057e-05
  5   1   0   0   2.9977644734206599e-03
  5   1   0   1  -6.6972862771969249e-04
  5   1   0   2   9.6773021676194195e-05
  5   1   0   3   2.9977644734206625e-03
  5   1   0   4  -6.6972862771969368e-04
  5   1   0   5  -9.6773021676195564e-05
  5   1   1   0  -6.6972862771969238e-04
  5   1   1   1   1.4962364080440613e-04
  5   1   1   2  -2.1619998362823660e-05
  5   1   1   3  -6.6972862771969293e-04
  5   1   1   4   1.4962364080440635e-04
  5   1   1   5   2.1619998362823965e-05
  5   1   2   0   9.6773021676194182e-05
  5   1   2   1  -2.1619998362823660e-05
  5   1   2   2   3.1240005035001987e-06
  5   1   2   3   9.6773021676194263e-05
  5   1   2   4  -2.1619998362823691e-05
  5   1   2   5  -3.1240005035002436e-06
  5   1   3   0   2.9977644734206625e-03
  5   1   3   1  -6.6972862771969303e-04
  5   1   3   2   9.6773021676194277e-05
  5   1   3   3   2.9977644734206651e-03
  5   1   3   4  -6.6972862771969423e-04
  5   1   3   5  -9.6773021676195645e-05
  5   1   4   0  -6.6972862771969368e-04
  5   1   4   1   1.4962364080440638e-04
  5   1   4   2  -2.1619998362823691e-05
  5   1   4   3  -6.6972862771969423e-04
  5   1   4   4   1.4962364080440665e-04
  5   1   4   5   2.1619998362824002e-05
  5   1   5   0  -9.6773021676195564e-05
  5   1   5   1   2.1619998362823965e-05
  5   1   5   2  -3.1240005035002436e-06
  5   1   5   3  -9.6773021676195645e-05
  5   1   5   4   2.1619998362824002e-05
  5   1   5   5   3.1240005035002876e-06
  5   2   0   0  -4.3316458989398559e-04
  5   2   0   1   9.6773021676194195e-05
  5   2   0   2  -1.3983302096891663e-05
  5   2   0   3  -4.3316458989398602e-04
  5   2   0   4   9.6773021676194344e-05
  5   2   0   5   1.3983302096891859e-05
  5   2   1   0   9.6773021676194182e-05
  5   2   1   1  -2.1619998362823660e-05
  5   2   1   2   3.1240005035001995e-06
  5   2   1   3   9.6773021676194263e-05
  5   2   1   4  -2.1619998362823697e-05
  5   2   1   5  -3.1240005035002436e-06
  5   2   2   0  -1.3983302096891663e-05
  5   2   2   1   3.1240005035001999e-06
  5   2   2   2  -4.5140517506472577e-07
  5   2   2   3  -1.3983302096891673e-05
  5   2   2   4   3.1240005035002038e-06
  5   2   2   5   4.5140517506473217e-07
  5   2   3   0  -4.3316458989398602e-04
  5   2   3   1   9.6773021676194277e-05
  5   2   3   2  -1.3983302096891673e-05
  5   2   3   3  -4.3316458989398640e-04
  5   2   3   4   9.6773021676194426e-05
  5   2   3   5   1.3983302096891871e-05
  5   2   4   0   9.6773021676194358e-05
  5   2   4   1  -2.1619998362823701e-05
  5   2   4   2   3.1240005035002042e-06
  5   2   4   3   9.6773021676194439e-05
  5   2   4   4  -2.1619998362823731e-05
  5   2   4   5  -3.1240005035002487e-06
  5   2   5   0   1.3983302096891859e-05
  5   2   5   1  -3.1240005035002436e-06
  5   2   5   2   4.5140517506473217e-07
  5   2   5   3   1.3983302096891871e-05
  5   2   5   4  -3.1240005035002487e-06
  5   2   5   5  -4.5140517506473853e-07
  5   3   0   0  -1.3418258479857446e-02
  5   3   0   1   2.9977644734206625e-03
  5   3   0   2  -4.3316458989398602e-04
  5   3   0   3  -1.3418258479857456e-02
  5   3   0   4   2.9977644734206677e-03
  5   3   0   5   4.3316458989399215e-04
  5   3   1   0   2.9977644734206625e-03
  5   3   1   1  -6.6972862771969325e-04
  5   3   1   2   9.6773021676194304e-05
  5   3   1   3   2.9977644734206651e-03
  5   3   1   4  -6.6972862771969423e-04
  5   3   1   5  -9.6773021676195645e-05
  5   3   2   0  -4.3316458989398602e-04
  5   3   2   1   9.6773021676194304e-05
  5   3   2   2  -1.3983302096891673e-05
  5   3   2   3  -4.3316458989398640e-04
  5   3   2   4   9.6773021676194426e-05
  5   3   2   5   1.3983302096891871e-05
  5   3   3   0  -1.3418258479857455e-02
  5   3   3   1   2.9977644734206651e-03
  5   3   3   2  -4.3316458989398640e-04
  5   3   3   3  -1.3418258479857469e-02
  5   3   3   4   2.9977644734206703e-03
  5   3   3   5   4.3316458989399253e-04
  5   3   4   0   2.9977644734206677e-03
  5   3   4   1  -6.6972862771969423e-04
  5   3   4   2   9.6773021676194439e-05
  5   3   4   3   2.9977644734206703e-03
  5   3   4   4  -6.6972862771969542e-04
  5   3   4   5  -9.6773021676195835e-05
  5   3   5   0   4.3316458989399215e-04
  5   3   5   1  -9.6773021676195645e-05
  5   3   5   2   1.3983302096891871e-05
  5   3   5   3   4.3316458989399253e-04
  5   3   5   4  -9.6773021676195822e-05
  5   3   5   5  -1.3983302096892069e-05
  5   4   0   0   2.9977644734206646e-03
  5   4   0   1  -6.6972862771969368e-04
  5   4   0   2   9.6773021676194385e-05
  5   4   0   3   2.9977644734206677e-03
  5   4   0   4  -6.6972862771969488e-04
  5   4   0   5  -9.6773021676195754e-05
  5   4   1   0  -6.6972862771969368e-04
  5   4   1   1   1.4962364080440643e-04
  5   4   1   2  -2.1619998362823697e-05
  5   4   1   3  -6.6972862771969423e-04
  5   4   1   4   1.4962364080440665e-04
  5   4   1   5   2.1619998362824002e-05
  5   4   2   0   9.6773021676194385e-05
  5   4   2   1  -2.1619998362823701e-05
  5   4   2   2   3.1240005035002050e-06
  5   4   2   3   9.6773021676194466e-05
  5   4   2   4  -2.1619998362823731e-05
  5   4   2   5  -3.1240005035002487e-06
  5   4   3   0   2.9977644734206677e-03
  5   4   3   1  -6.6972862771969423e-04
  5   4   3   2   9.6773021676194466e-05
  5   4   3   3   2.9977644734206703e-03
  5   4   3   4  -6.6972862771969542e-04
  5   4   3   5  -9.6773021676195835e-05
  5   4   4   0  -6.6972862771969488e-04
  5   4   4   1   1.4962364080440665e-04
  5   4   4   2  -2.1619998362823731e-05
  5   4   4   3  -6.6972862771969542e-04
  5   4   4   4   1.4962364080440689e-04
  5   4   4   5   2.1619998362824040e-05
  5   4   5   0  -9.6773021676195740e-05
  5   4   5   1   2.1619998362824002e-05
  5   4   5   2  -3.1240005035002487e-06
  5   4   5   3  -9.6773021676195822e-05
  5   4   5   4   2.1619998362824040e-05
  5   4   5   5   3.1240005035002931e-06
  5   5   0   0   4.3316458989399171e-04
  5   5   0   1  -9.6773021676195564e-05
  5   5   0   2   1.3983302096891859e-05
  5   5   0   3   4.3316458989399215e-04
  5   5   0   4  -9.6773021676195713e-05
  5   5   0   5  -1.3983302096892057e-05
  5   5   1   0  -9.6773021676195564e-05
  5   5   1   1   2.1619998362823965e-05
  5   5   1   2  -3.1240005035002436e-06
  5   5   1   3  -9.6773021676195645e-05
  5   5   1   4   2.1619998362824002e-05
  5   5   1   5   3.1240005035002876e-06
  5   5   2   0   1.3983302096891859e-05
  5   5   2   1  -3.1240005035002436e-06
  5   5   2   2   4.5140517506473217e-07
  5   5   2   3   1.3983302096891871e-05
  5   5   2   4  -3.1240005035002487e-06
  5   5   2   5  -4.5140517506473853e-07
  5   5   3   0   4.3316458989399215e-04
  5   5   3   1  -9.6773021676195645e-05
  5   5   3   2   1.3983302096891871e-05
  5   5   3   3   4.3316458989399253e-04
  5   5   3   4  -9.6773021676195794e-05
  5   5   3   5  -1.3983302096892069e-05
  5   5   4   0  -9.6773021676195713e-05
  5   5   4   1   2.1619998362824002e-05
  5   5   4   2  -3.1240005035002487e-06
  5   5   4   3  -9.6773021676195794e-05
  5   5   4   4   2.1619998362824040e-05
  5   5   4   5   3.1240005035002931e-06
  5   5   5   0  -1.3983302096892057e-05
  5   5   5   1   3.1240005035002876e-06
  5   5   5   2  -4.5140517506473853e-07
  5   5   5   3  -1.3983302096892069e-05
  5   5   5   4   3.1240005035002931e-06
  5   5   5   5   4.5140517506474493e-07
