  3
                  25                   25                    1
   0.100284007928845E+01
   0.605676118632197E-02
  -0.104510425849788E-01
   0.905375410614060E-16
   0.535703635542132E-16
  -0.416517610049167E-02
   0.340347422334078E-17
  -0.195911003570081E-16
  -0.266461000892297E-04
  -0.232803851279647E-03
  -0.204669663951850E-17
  -0.265065553824866E-17
   0.126978398473913E-03
   0.123649415574411E-16
   0.105825452805704E-03
  -0.220501233187632E-02
   0.155271352507152E-02
   0.258395691991444E-17
   0.759754809512012E-03
  -0.744838071179114E-03
  -0.220501233187644E-02
   0.155271352507154E-02
   0.231916196132574E-17
  -0.759754809512020E-03
  -0.744838071179116E-03
   0.605676118632197E-02
   0.904082918447072E+00
  -0.108184490203735E+00
   0.944745139824352E-15
  -0.194313205542711E-14
   0.124118003800761E+00
  -0.103461212662393E-15
   0.450984142751302E-14
   0.577290481239899E-01
   0.480445195346754E-03
   0.210020616584219E-15
   0.137991824330235E-15
   0.358214593889919E-02
  -0.206043940136094E-14
  -0.406259113424595E-02
   0.176102700412955E+00
  -0.904371058376983E-01
   0.832511812435106E-16
  -0.228378385035983E-01
   0.199704743987331E-01
   0.176102700412959E+00
  -0.904371058376941E-01
   0.166161479563293E-15
   0.228378385036001E-01
   0.199704743987342E-01
  -0.104510425849788E-01
  -0.108184490203735E+00
   0.964890809872828E-01
   0.275693865649146E-14
  -0.165875217171023E-14
   0.154030380061527E+00
   0.116537245104838E-15
  -0.167400824865937E-15
  -0.386940191572854E-02
   0.353014720186798E-02
   0.510670945906811E-16
  -0.382864876354895E-16
   0.198473572570461E-03
   0.361465117326699E-15
  -0.372862077443846E-02
  -0.111783040023819E+00
   0.470698892426477E-01
   0.127955043174825E-15
   0.106778007747477E-01
  -0.713803070353021E-03
  -0.111783040023818E+00
   0.470698892426482E-01
   0.131442600111013E-15
  -0.106778007747482E-01
  -0.713803070353272E-03
   0.905375410614060E-16
   0.944745139824352E-15
   0.275693865649146E-14
   0.855031819984294E+00
  -0.119317526297382E-14
  -0.969350426661077E-15
   0.418855908261589E-01
  -0.548734662473760E-15
  -0.747871408910398E-15
  -0.222117219129352E-15
  -0.603491622982891E-15
  -0.165956734353442E-01
   0.572048578802296E-15
   0.123182506118794E-14
  -0.349931359672944E-15
  -0.330946992910044E-14
   0.399103625766600E-15
   0.290482572295363E-01
   0.218457571138020E-14
  -0.149335124643201E-14
  -0.416402191336808E-14
   0.305965518958270E-14
   0.290482572295366E-01
  -0.561086912014022E-15
  -0.462683818083728E-15
   0.535703635542132E-16
  -0.194313205542711E-14
  -0.165875217171023E-14
  -0.119317526297382E-14
   0.543181721644498E+00
  -0.409417696701435E-14
   0.173971617923462E-14
  -0.100873217251970E+00
   0.258078410102361E-14
   0.393745874346376E-15
  -0.643216379182040E-16
   0.255031077055883E-15
  -0.363365626607816E-15
  -0.184584701303794E-01
  -0.303802477385595E-16
   0.384775285489309E+00
  -0.130296240566364E+00
  -0.282039497597072E-15
  -0.139220138032801E-01
   0.215384619123314E-01
  -0.384775285489303E+00
   0.130296240566360E+00
  -0.276660833088904E-15
  -0.139220138032793E-01
  -0.215384619123316E-01
  -0.416517610049167E-02
   0.124118003800761E+00
   0.154030380061527E+00
  -0.969350426661077E-15
  -0.409417696701435E-14
   0.666253208976740E+00
  -0.618406677178627E-15
   0.112692709255618E-14
  -0.336649880271192E-01
   0.991198589202033E-02
   0.266623496784823E-15
   0.160693152838156E-15
   0.433730292532913E-02
   0.332893228332080E-15
  -0.142492888173495E-01
  -0.307691947888057E+00
   0.121996640676685E+00
   0.810109001435482E-16
   0.270124844628254E-01
   0.570542743068774E-02
  -0.307691947888060E+00
   0.121996640676691E+00
   0.146615692943016E-15
  -0.270124844628266E-01
   0.570542743068716E-02
   0.340347422334078E-17
  -0.103461212662393E-15
   0.116537245104838E-15
   0.418855908261589E-01
   0.173971617923462E-14
  -0.618406677178628E-15
   0.275142255648188E-01
  -0.342534548745867E-15
  -0.500245738854666E-16
  -0.255169189812458E-16
  -0.654277552096007E-16
  -0.126668744747968E-02
   0.594448529783619E-16
   0.105619248814761E-16
  -0.339279339971161E-16
   0.141126646061026E-14
  -0.551197721288968E-15
   0.308483072285306E-02
   0.883619548001861E-16
  -0.515484421129829E-16
  -0.147871396297454E-14
   0.609392539605024E-15
   0.308483072285309E-02
  -0.662008138919782E-16
  -0.134142016510820E-15
  -0.195911003570081E-16
   0.450984142751302E-14
  -0.167400824865937E-15
  -0.548734662473761E-15
  -0.100873217251970E+00
   0.112692709255618E-14
  -0.342534548745867E-15
   0.241703819000203E-01
  -0.162248959712262E-15
  -0.655883880288152E-16
   0.871456209285055E-17
  -0.280980769742449E-16
   0.813895581963198E-16
   0.406430020152896E-02
  -0.158011701675046E-16
  -0.651090029970457E-01
   0.231239764452993E-01
   0.213303349683531E-16
   0.248295334872973E-02
  -0.357024532868092E-02
   0.651090029970467E-01
  -0.231239764452997E-01
   0.198645134388474E-16
   0.248295334872982E-02
   0.357024532868113E-02
  -0.266461000892296E-04
   0.577290481239899E-01
  -0.386940191572854E-02
  -0.747871408910398E-15
   0.258078410102361E-14
  -0.336649880271192E-01
  -0.500245738854666E-16
  -0.162248959712262E-15
   0.211847902056245E-01
  -0.958748910485025E-03
   0.198515310461915E-17
   0.179075748359918E-16
   0.548772766150959E-03
  -0.281844450948436E-15
   0.409976144334070E-03
   0.251287654247968E-01
  -0.126058879147052E-01
  -0.301747050862906E-16
  -0.289943712082419E-02
   0.194168776469122E-02
   0.251287654247931E-01
  -0.126058879147038E-01
  -0.274204518758751E-16
   0.289943712082426E-02
   0.194168776469110E-02
  -0.232803851279647E-03
   0.480445195346754E-03
   0.353014720186798E-02
  -0.222117219129352E-15
   0.393745874346376E-15
   0.991198589202033E-02
  -0.255169189812458E-16
  -0.655883880288152E-16
  -0.958748910485024E-03
   0.199915167071976E-02
   0.292824405230365E-17
   0.735094343580178E-17
  -0.822781111214908E-03
  -0.541456461265545E-17
  -0.117637055950485E-02
  -0.673853083538921E-02
   0.281292119524051E-02
  -0.643078927721206E-17
   0.613348471577677E-03
   0.669699502863510E-04
  -0.673853083539002E-02
   0.281292119524086E-02
  -0.508404858314111E-17
  -0.613348471577730E-03
   0.669699502862987E-04
  -0.204669663951850E-17
   0.210020616584219E-15
   0.510670945906811E-16
  -0.603491622982891E-15
  -0.643216379182040E-16
   0.266623496784823E-15
  -0.654277552096007E-16
   0.871456209285056E-17
   0.198515310461915E-17
   0.292824405230365E-17
   0.186061018049211E-02
   0.124517681444279E-16
   0.340147817285234E-17
   0.357665045087178E-17
  -0.632972222515599E-17
  -0.147601787671196E-15
   0.513685590881716E-16
   0.386429781559622E-03
   0.671387253804574E-17
   0.153582071756829E-17
  -0.231555975868328E-16
   0.722080871539846E-17
  -0.386429781559661E-03
  -0.554295195861069E-17
   0.683287275503222E-17
  -0.265065553824866E-17
   0.137991824330235E-15
  -0.382864876354895E-16
  -0.165956734353442E-01
   0.255031077055883E-15
   0.160693152838156E-15
  -0.126668744747968E-02
  -0.280980769742449E-16
   0.179075748359918E-16
   0.735094343580179E-17
   0.124517681444279E-16
   0.221232289249736E-02
  -0.110023815075163E-16
  -0.334923844910679E-16
   0.365143807171453E-17
   0.214418686051860E-15
  -0.590915545727480E-16
  -0.913638563104594E-03
  -0.491015078506238E-16
   0.425672140458276E-16
  -0.125800743399180E-15
   0.828106803601543E-17
  -0.913638563104600E-03
   0.441674503596078E-17
   0.357959668654000E-17
   0.126978398473913E-03
   0.358214593889920E-02
   0.198473572570460E-03
   0.572048578802296E-15
  -0.363365626607816E-15
   0.433730292532913E-02
   0.594448529783619E-16
   0.813895581963198E-16
   0.548772766150959E-03
  -0.822781111214908E-03
   0.340147817285234E-17
  -0.110023815075163E-16
   0.166993701983732E-02
   0.538233925243973E-17
  -0.847155908622415E-03
  -0.174238143337964E-03
  -0.125421612196290E-03
   0.230808292751367E-16
   0.221921537998240E-03
   0.390495170142200E-03
  -0.174238143337417E-03
  -0.125421612196418E-03
   0.217997986203149E-16
  -0.221921537998223E-03
   0.390495170142230E-03
   0.123649415574411E-16
  -0.206043940136094E-14
   0.361465117326699E-15
   0.123182506118794E-14
  -0.184584701303794E-01
   0.332893228332080E-15
   0.105619248814761E-16
   0.406430020152896E-02
  -0.281844450948436E-15
  -0.541456461265546E-17
   0.357665045087178E-17
  -0.334923844910679E-16
   0.538233925243974E-17
   0.232816907678235E-02
   0.322253602156595E-19
  -0.154818189112046E-01
   0.544177369695828E-02
   0.517361726007944E-16
   0.618400793427321E-03
  -0.744341157413163E-03
   0.154818189112029E-01
  -0.544177369695746E-02
   0.513885281834841E-16
   0.618400793427126E-03
   0.744341157413071E-03
   0.105825452805705E-03
  -0.406259113424594E-02
  -0.372862077443846E-02
  -0.349931359672944E-15
  -0.303802477385595E-16
  -0.142492888173495E-01
  -0.339279339971161E-16
  -0.158011701675046E-16
   0.409976144334069E-03
  -0.117637055950485E-02
  -0.632972222515599E-17
   0.365143807171453E-17
  -0.847155908622415E-03
   0.322253602156595E-19
   0.202352646812727E-02
   0.691276897872720E-02
  -0.268749958304423E-02
  -0.166500399979247E-16
  -0.835270009575920E-03
  -0.457465120428552E-03
   0.691276897872747E-02
  -0.268749958304445E-02
  -0.167157500371738E-16
   0.835270009575955E-03
  -0.457465120428530E-03
  -0.220501233187632E-02
   0.176102700412955E+00
  -0.111783040023819E+00
  -0.330946992910044E-14
   0.384775285489309E+00
  -0.307691947888057E+00
   0.141126646061026E-14
  -0.651090029970457E-01
   0.251287654247968E-01
  -0.673853083538921E-02
  -0.147601787671196E-15
   0.214418686051860E-15
  -0.174238143337965E-03
  -0.154818189112046E-01
   0.691276897872720E-02
   0.579866506595252E+00
  -0.219266849027684E+00
  -0.357486108098171E-15
  -0.354860641456467E-01
   0.207442718035866E-01
  -0.757995076273100E-01
   0.458786891795684E-02
  -0.365121275425881E-15
   0.113128527890504E-01
  -0.136713556358764E-01
   0.155271352507152E-02
  -0.904371058376982E-01
   0.470698892426477E-01
   0.399103625766600E-15
  -0.130296240566364E+00
   0.121996640676685E+00
  -0.551197721288968E-15
   0.231239764452993E-01
  -0.126058879147052E-01
   0.281292119524051E-02
   0.513685590881716E-16
  -0.590915545727480E-16
  -0.125421612196290E-03
   0.544177369695828E-02
  -0.268749958304423E-02
  -0.219266849027684E+00
   0.854849041454052E-01
   0.969432663812562E-16
   0.145072338590440E-01
  -0.807424168584540E-02
   0.458786891795843E-02
   0.727069877339800E-02
   0.980392734412296E-16
  -0.573520722430166E-02
   0.387637560030011E-02
   0.258395691991444E-17
   0.832511812435106E-16
   0.127955043174825E-15
   0.290482572295363E-01
  -0.282039497597072E-15
   0.810109001435482E-16
   0.308483072285306E-02
   0.213303349683531E-16
  -0.301747050862906E-16
  -0.643078927721206E-17
   0.386429781559622E-03
  -0.913638563104594E-03
   0.230808292751367E-16
   0.517361726007944E-16
  -0.166500399979247E-16
  -0.357486108098171E-15
   0.969432663812562E-16
   0.188327887729673E-02
   0.885812883897854E-16
  -0.633724461611317E-16
  -0.145251926382748E-16
   0.663368666895925E-16
   0.101753366156131E-02
  -0.180737088423400E-16
  -0.690570113238323E-17
   0.759754809512012E-03
  -0.228378385035983E-01
   0.106778007747477E-01
   0.218457571138020E-14
  -0.139220138032801E-01
   0.270124844628254E-01
   0.883619548001861E-16
   0.248295334872973E-02
  -0.289943712082419E-02
   0.613348471577678E-03
   0.671387253804574E-17
  -0.491015078506238E-16
   0.221921537998239E-03
   0.618400793427322E-03
  -0.835270009575920E-03
  -0.354860641456466E-01
   0.145072338590440E-01
   0.885812883897854E-16
   0.323371137005226E-02
  -0.988173668092484E-03
  -0.113128527890492E-01
   0.573520722430122E-02
   0.895960220651323E-16
  -0.188603862879180E-02
   0.274493728246819E-03
  -0.744838071179115E-03
   0.199704743987331E-01
  -0.713803070353021E-03
  -0.149335124643201E-14
   0.215384619123314E-01
   0.570542743068774E-02
  -0.515484421129829E-16
  -0.357024532868092E-02
   0.194168776469122E-02
   0.669699502863509E-04
   0.153582071756828E-17
   0.425672140458276E-16
   0.390495170142200E-03
  -0.744341157413163E-03
  -0.457465120428552E-03
   0.207442718035866E-01
  -0.807424168584540E-02
  -0.633724461611317E-16
  -0.988173668092484E-03
   0.210962330103899E-02
  -0.136713556358768E-01
   0.387637560030041E-02
  -0.602746446192329E-16
  -0.274493728246826E-03
  -0.231591947498395E-03
  -0.220501233187644E-02
   0.176102700412959E+00
  -0.111783040023818E+00
  -0.416402191336808E-14
  -0.384775285489303E+00
  -0.307691947888060E+00
  -0.147871396297454E-14
   0.651090029970467E-01
   0.251287654247931E-01
  -0.673853083539003E-02
  -0.231555975868329E-16
  -0.125800743399180E-15
  -0.174238143337417E-03
   0.154818189112029E-01
   0.691276897872747E-02
  -0.757995076273099E-01
   0.458786891795842E-02
  -0.145251926382749E-16
  -0.113128527890492E-01
  -0.136713556358768E-01
   0.579866506595252E+00
  -0.219266849027685E+00
  -0.243504939541059E-16
   0.354860641456476E-01
   0.207442718035872E-01
   0.155271352507154E-02
  -0.904371058376940E-01
   0.470698892426482E-01
   0.305965518958270E-14
   0.130296240566360E+00
   0.121996640676691E+00
   0.609392539605024E-15
  -0.231239764452997E-01
  -0.126058879147038E-01
   0.281292119524086E-02
   0.722080871539847E-17
   0.828106803601545E-17
  -0.125421612196418E-03
  -0.544177369695746E-02
  -0.268749958304445E-02
   0.458786891795685E-02
   0.727069877339800E-02
   0.663368666895925E-16
   0.573520722430122E-02
   0.387637560030042E-02
  -0.219266849027685E+00
   0.854849041454057E-01
   0.695632770794857E-16
  -0.145072338590445E-01
  -0.807424168584548E-02
   0.231916196132574E-17
   0.166161479563293E-15
   0.131442600111013E-15
   0.290482572295366E-01
  -0.276660833088904E-15
   0.146615692943016E-15
   0.308483072285309E-02
   0.198645134388474E-16
  -0.274204518758751E-16
  -0.508404858314111E-17
  -0.386429781559661E-03
  -0.913638563104601E-03
   0.217997986203149E-16
   0.513885281834841E-16
  -0.167157500371738E-16
  -0.365121275425881E-15
   0.980392734412296E-16
   0.101753366156131E-02
   0.895960220651323E-16
  -0.602746446192328E-16
  -0.243504939541059E-16
   0.695632770794857E-16
   0.188327887729675E-02
  -0.168214351058787E-16
  -0.389715005855532E-17
  -0.759754809512021E-03
   0.228378385036001E-01
  -0.106778007747482E-01
  -0.561086912014022E-15
  -0.139220138032793E-01
  -0.270124844628266E-01
  -0.662008138919782E-16
   0.248295334872982E-02
   0.289943712082426E-02
  -0.613348471577730E-03
  -0.554295195861069E-17
   0.441674503596078E-17
  -0.221921537998223E-03
   0.618400793427126E-03
   0.835270009575956E-03
   0.113128527890504E-01
  -0.573520722430166E-02
  -0.180737088423400E-16
  -0.188603862879180E-02
  -0.274493728246826E-03
   0.354860641456476E-01
  -0.145072338590445E-01
  -0.168214351058787E-16
   0.323371137005247E-02
   0.988173668092562E-03
  -0.744838071179116E-03
   0.199704743987342E-01
  -0.713803070353272E-03
  -0.462683818083727E-15
  -0.215384619123316E-01
   0.570542743068716E-02
  -0.134142016510820E-15
   0.357024532868113E-02
   0.194168776469110E-02
   0.669699502862987E-04
   0.683287275503222E-17
   0.357959668654000E-17
   0.390495170142230E-03
   0.744341157413071E-03
  -0.457465120428530E-03
  -0.136713556358764E-01
   0.387637560030011E-02
  -0.690570113238324E-17
   0.274493728246819E-03
  -0.231591947498395E-03
   0.207442718035872E-01
  -0.807424168584549E-02
  -0.389715005855533E-17
   0.988173668092564E-03
   0.210962330103904E-02
