3
                  25                   25                    1
   0.100284007924091E+01
   0.605676544673389E-02
  -0.104510431402629E-01
   0.905375640262447E-16
   0.535703195956034E-16
  -0.416515774907948E-02
   0.340346306758818E-17
  -0.195910688151998E-16
  -0.266487149061878E-04
  -0.232803328167008E-03
  -0.204669000827374E-17
  -0.265065152739585E-17
   0.126978466405426E-03
   0.123649471967279E-16
   0.105824861761552E-03
  -0.220501735911552E-02
   0.155271790905574E-02
   0.258396068206190E-17
   0.759755308894138E-03
  -0.744837906505372E-03
  -0.220501735911564E-02
   0.155271790905576E-02
   0.231916760736348E-17
  -0.759755308894147E-03
  -0.744837906505374E-03
   0.605676544673388E-02
   0.904082996603453E+00
  -0.108184480081180E+00
   0.944745385236020E-15
  -0.194313273627534E-14
   0.124118145872422E+00
  -0.103461328348920E-15
   0.450984179370464E-14
   0.577290293556748E-01
   0.480453680390401E-03
   0.210020669149227E-15
   0.137991857713443E-15
   0.358214870754199E-02
  -0.206043935361658E-14
  -0.406260238793238E-02
   0.176102619143789E+00
  -0.904370831940228E-01
   0.832512168059770E-16
  -0.228378349343205E-01
   0.199704774664752E-01
   0.176102619143793E+00
  -0.904370831940185E-01
   0.166161531721110E-15
   0.228378349343223E-01
   0.199704774664763E-01
  -0.104510431402629E-01
  -0.108184480081180E+00
   0.964891222213466E-01
   0.275693866096610E-14
  -0.165875238957055E-14
   0.154030322654892E+00
   0.116537262818064E-15
  -0.167400849805984E-15
  -0.386937580581305E-02
   0.353014639421454E-02
   0.510670877649509E-16
  -0.382864911690446E-16
   0.198472145572973E-03
   0.361465072157797E-15
  -0.372861853978753E-02
  -0.111783075953870E+00
   0.470698719468811E-01
   0.127955051497817E-15
   0.106777980160519E-01
  -0.713799860830957E-03
  -0.111783075953870E+00
   0.470698719468815E-01
   0.131442603510323E-15
  -0.106777980160524E-01
  -0.713799860831207E-03
   0.905375640262447E-16
   0.944745385236020E-15
   0.275693866096610E-14
   0.855031812804024E+00
  -0.119317522261786E-14
  -0.969350630785862E-15
   0.418855922441897E-01
  -0.548734611011506E-15
  -0.747871358921009E-15
  -0.222117211497015E-15
  -0.603491625294888E-15
  -0.165956701245821E-01
   0.572048568753418E-15
   0.123182504904402E-14
  -0.349931357256403E-15
  -0.330947025625484E-14
   0.399103557383596E-15
   0.290482593371634E-01
   0.218457567435957E-14
  -0.149335121994169E-14
  -0.416402193387423E-14
   0.305965513126636E-14
   0.290482593371637E-01
  -0.561086891390846E-15
  -0.462683805148207E-15
   0.535703195956034E-16
  -0.194313273627534E-14
  -0.165875238957055E-14
  -0.119317522261786E-14
   0.543181679172456E+00
  -0.409417633193509E-14
   0.173971613584341E-14
  -0.100873224227166E+00
   0.258078389395902E-14
   0.393745858275805E-15
  -0.643216493579992E-16
   0.255031070372319E-15
  -0.363365593873601E-15
  -0.184584673054778E-01
  -0.303802644022031E-16
   0.384775298525366E+00
  -0.130296227479687E+00
  -0.282039486997196E-15
  -0.139220116689410E-01
   0.215384594876588E-01
  -0.384775298525360E+00
   0.130296227479684E+00
  -0.276660824171760E-15
  -0.139220116689401E-01
  -0.215384594876590E-01
  -0.416515774907948E-02
   0.124118145872422E+00
   0.154030322654892E+00
  -0.969350630785862E-15
  -0.409417633193509E-14
   0.666252970782166E+00
  -0.618406604572235E-15
   0.112692712721907E-14
  -0.336649522336086E-01
   0.991198706431620E-02
   0.266623446773049E-15
   0.160693120385261E-15
   0.433729513240132E-02
   0.332893011858796E-15
  -0.142492821967176E-01
  -0.307691993200970E+00
   0.121996601169181E+00
   0.810108727611091E-16
   0.270124665821249E-01
   0.570543612685622E-02
  -0.307691993200973E+00
   0.121996601169187E+00
   0.146615646909638E-15
  -0.270124665821261E-01
   0.570543612685564E-02
   0.340346306758819E-17
  -0.103461328348920E-15
   0.116537262818064E-15
   0.418855922441897E-01
   0.173971613584341E-14
  -0.618406604572235E-15
   0.275142270955908E-01
  -0.342534592753876E-15
  -0.500245973868844E-16
  -0.255169223308140E-16
  -0.654277578071276E-16
  -0.126668818256342E-02
   0.594448606842973E-16
   0.105619313443927E-16
  -0.339279383534833E-16
   0.141126665868555E-14
  -0.551197692071398E-15
   0.308483122321660E-02
   0.883619748207760E-16
  -0.515484589145646E-16
  -0.147871402823934E-14
   0.609392554775117E-15
   0.308483122321662E-02
  -0.662008212344702E-16
  -0.134142022164404E-15
  -0.195910688151998E-16
   0.450984179370464E-14
  -0.167400849805984E-15
  -0.548734611011506E-15
  -0.100873224227166E+00
   0.112692712721907E-14
  -0.342534592753876E-15
   0.241703853170881E-01
  -0.162249061431606E-15
  -0.655883716919529E-16
   0.871456620897963E-17
  -0.280980861527040E-16
   0.813895708891406E-16
   0.406429956770121E-02
  -0.158011991971878E-16
  -0.651090160602226E-01
   0.231239769561325E-01
   0.213303398485903E-16
   0.248295322866265E-02
  -0.357024547562061E-02
   0.651090160602234E-01
  -0.231239769561330E-01
   0.198645185662700E-16
   0.248295322866274E-02
   0.357024547562082E-02
  -0.266487149061866E-04
   0.577290293556748E-01
  -0.386937580581305E-02
  -0.747871358921009E-15
   0.258078389395901E-14
  -0.336649522336087E-01
  -0.500245973868844E-16
  -0.162249061431606E-15
   0.211847724483501E-01
  -0.958748052927710E-03
   0.198515911839374E-17
   0.179075765337305E-16
   0.548773575746364E-03
  -0.281844393354178E-15
   0.409974477181349E-03
   0.251287560314773E-01
  -0.126058960068122E-01
  -0.301747018986840E-16
  -0.289943540510968E-02
   0.194168699958165E-02
   0.251287560314737E-01
  -0.126058960068109E-01
  -0.274204464116896E-16
   0.289943540510975E-02
   0.194168699958153E-02
  -0.232803328167008E-03
   0.480453680390402E-03
   0.353014639421454E-02
  -0.222117211497015E-15
   0.393745858275805E-15
   0.991198706431620E-02
  -0.255169223308140E-16
  -0.655883716919529E-16
  -0.958748052927710E-03
   0.199915167526699E-02
   0.292824658315437E-17
   0.735094376342791E-17
  -0.822781357434776E-03
  -0.541457712826747E-17
  -0.117637031783222E-02
  -0.673853265633998E-02
   0.281292077298798E-02
  -0.643078876500990E-17
   0.613348218875156E-03
   0.669702120196155E-04
  -0.673853265634080E-02
   0.281292077298833E-02
  -0.508404757704532E-17
  -0.613348218875208E-03
   0.669702120195632E-04
  -0.204669000827374E-17
   0.210020669149227E-15
   0.510670877649509E-16
  -0.603491625294888E-15
  -0.643216493579992E-16
   0.266623446773049E-15
  -0.654277578071276E-16
   0.871456620897963E-17
   0.198515911839375E-17
   0.292824658315438E-17
   0.186061016565716E-02
   0.124517676376465E-16
   0.340147637394552E-17
   0.357665081602779E-17
  -0.632972295709990E-17
  -0.147601845514866E-15
   0.513685513679022E-16
   0.386429717130630E-03
   0.671386789116059E-17
   0.153582410311552E-17
  -0.231556214066518E-16
   0.722079452054852E-17
  -0.386429717130670E-03
  -0.554294692825843E-17
   0.683287680877326E-17
  -0.265065152739584E-17
   0.137991857713443E-15
  -0.382864911690445E-16
  -0.165956701245821E-01
   0.255031070372319E-15
   0.160693120385261E-15
  -0.126668818256342E-02
  -0.280980861527040E-16
   0.179075765337305E-16
   0.735094376342791E-17
   0.124517676376465E-16
   0.221232234739047E-02
  -0.110023814285096E-16
  -0.334923795128842E-16
   0.365143766508169E-17
   0.214418688178882E-15
  -0.590915574586801E-16
  -0.913638513350955E-03
  -0.491015034842845E-16
   0.425672113135338E-16
  -0.125800790969018E-15
   0.828107067843993E-17
  -0.913638513350961E-03
   0.441674622404413E-17
   0.357959796701384E-17
   0.126978466405426E-03
   0.358214870754199E-02
   0.198472145572972E-03
   0.572048568753418E-15
  -0.363365593873601E-15
   0.433729513240132E-02
   0.594448606842973E-16
   0.813895708891406E-16
   0.548773575746365E-03
  -0.822781357434776E-03
   0.340147637394553E-17
  -0.110023814285096E-16
   0.166993675221931E-02
   0.538232693374033E-17
  -0.847155394784537E-03
  -0.174235416187030E-03
  -0.125423632159407E-03
   0.230808301228594E-16
   0.221920970026295E-03
   0.390495202803736E-03
  -0.174235416186483E-03
  -0.125423632159535E-03
   0.217997990508430E-16
  -0.221920970026278E-03
   0.390495202803767E-03
   0.123649471967279E-16
  -0.206043935361658E-14
   0.361465072157797E-15
   0.123182504904402E-14
  -0.184584673054778E-01
   0.332893011858796E-15
   0.105619313443928E-16
   0.406429956770121E-02
  -0.281844393354178E-15
  -0.541457712826748E-17
   0.357665081602780E-17
  -0.334923795128842E-16
   0.538232693374032E-17
   0.232816849160289E-02
   0.322501945270691E-19
  -0.154818183989312E-01
   0.544177237887578E-02
   0.517361751377386E-16
   0.618400581171951E-03
  -0.744341101061212E-03
   0.154818183989295E-01
  -0.544177237887496E-02
   0.513885308285915E-16
   0.618400581171756E-03
   0.744341101061120E-03
   0.105824861761553E-03
  -0.406260238793238E-02
  -0.372861853978753E-02
  -0.349931357256403E-15
  -0.303802644022030E-16
  -0.142492821967176E-01
  -0.339279383534833E-16
  -0.158011991971878E-16
   0.409974477181349E-03
  -0.117637031783222E-02
  -0.632972295709990E-17
   0.365143766508169E-17
  -0.847155394784537E-03
   0.322501945270703E-19
   0.202352571261676E-02
   0.691276807252703E-02
  -0.268749714082859E-02
  -0.166500413578495E-16
  -0.835269188901455E-03
  -0.457465414823352E-03
   0.691276807252730E-02
  -0.268749714082880E-02
  -0.167157514737977E-16
   0.835269188901489E-03
  -0.457465414823331E-03
  -0.220501735911552E-02
   0.176102619143789E+00
  -0.111783075953870E+00
  -0.330947025625484E-14
   0.384775298525366E+00
  -0.307691993200970E+00
   0.141126665868555E-14
  -0.651090160602225E-01
   0.251287560314773E-01
  -0.673853265633998E-02
  -0.147601845514866E-15
   0.214418688178882E-15
  -0.174235416187029E-03
  -0.154818183989312E-01
   0.691276807252703E-02
   0.579866664126466E+00
  -0.219266856483411E+00
  -0.357486164075836E-15
  -0.354860620440996E-01
   0.207442658046477E-01
  -0.757994491403556E-01
   0.458786608981479E-02
  -0.365121338366858E-15
   0.113128516484343E-01
  -0.136713613651156E-01
   0.155271790905574E-02
  -0.904370831940227E-01
   0.470698719468810E-01
   0.399103557383596E-15
  -0.130296227479687E+00
   0.121996601169181E+00
  -0.551197692071398E-15
   0.231239769561325E-01
  -0.126058960068122E-01
   0.281292077298798E-02
   0.513685513679023E-16
  -0.590915574586801E-16
  -0.125423632159408E-03
   0.544177237887578E-02
  -0.268749714082859E-02
  -0.219266856483411E+00
   0.854848888319373E-01
   0.969432584893019E-16
   0.145072291647129E-01
  -0.807424023826442E-02
   0.458786608981635E-02
   0.727069298802442E-02
   0.980392622751813E-16
  -0.573520417247159E-02
   0.387637558349440E-02
   0.258396068206190E-17
   0.832512168059770E-16
   0.127955051497817E-15
   0.290482593371634E-01
  -0.282039486997196E-15
   0.810108727611092E-16
   0.308483122321660E-02
   0.213303398485903E-16
  -0.301747018986840E-16
  -0.643078876500991E-17
   0.386429717130630E-03
  -0.913638513350955E-03
   0.230808301228594E-16
   0.517361751377386E-16
  -0.166500413578495E-16
  -0.357486164075836E-15
   0.969432584893019E-16
   0.188327915201670E-02
   0.885812913177656E-16
  -0.633724474263353E-16
  -0.145252149729931E-16
   0.663368748219794E-16
   0.101753386919629E-02
  -0.180737086568018E-16
  -0.690570154377183E-17
   0.759755308894138E-03
  -0.228378349343205E-01
   0.106777980160519E-01
   0.218457567435957E-14
  -0.139220116689410E-01
   0.270124665821249E-01
   0.883619748207759E-16
   0.248295322866265E-02
  -0.289943540510968E-02
   0.613348218875156E-03
   0.671386789116058E-17
  -0.491015034842846E-16
   0.221920970026295E-03
   0.618400581171951E-03
  -0.835269188901455E-03
  -0.354860620440997E-01
   0.145072291647129E-01
   0.885812913177656E-16
   0.323370999152162E-02
  -0.988173237266119E-03
  -0.113128516484331E-01
   0.573520417247114E-02
   0.895960233526202E-16
  -0.188603758486608E-02
   0.274493948254715E-03
  -0.744837906505372E-03
   0.199704774664752E-01
  -0.713799860830957E-03
  -0.149335121994169E-14
   0.215384594876588E-01
   0.570543612685622E-02
  -0.515484589145646E-16
  -0.357024547562062E-02
   0.194168699958164E-02
   0.669702120196155E-04
   0.153582410311552E-17
   0.425672113135338E-16
   0.390495202803736E-03
  -0.744341101061211E-03
  -0.457465414823353E-03
   0.207442658046477E-01
  -0.807424023826442E-02
  -0.633724474263353E-16
  -0.988173237266120E-03
   0.210962342886374E-02
  -0.136713613651160E-01
   0.387637558349470E-02
  -0.602746451431795E-16
  -0.274493948254721E-03
  -0.231591582388532E-03
  -0.220501735911564E-02
   0.176102619143793E+00
  -0.111783075953870E+00
  -0.416402193387423E-14
  -0.384775298525360E+00
  -0.307691993200973E+00
  -0.147871402823934E-14
   0.651090160602235E-01
   0.251287560314737E-01
  -0.673853265634080E-02
  -0.231556214066518E-16
  -0.125800790969018E-15
  -0.174235416186482E-03
   0.154818183989295E-01
   0.691276807252731E-02
  -0.757994491403557E-01
   0.458786608981634E-02
  -0.145252149729931E-16
  -0.113128516484331E-01
  -0.136713613651160E-01
   0.579866664126466E+00
  -0.219266856483412E+00
  -0.243505211065482E-16
   0.354860620441006E-01
   0.207442658046483E-01
   0.155271790905576E-02
  -0.904370831940184E-01
   0.470698719468815E-01
   0.305965513126636E-14
   0.130296227479684E+00
   0.121996601169187E+00
   0.609392554775117E-15
  -0.231239769561330E-01
  -0.126058960068109E-01
   0.281292077298833E-02
   0.722079452054852E-17
   0.828107067843993E-17
  -0.125423632159536E-03
  -0.544177237887496E-02
  -0.268749714082880E-02
   0.458786608981477E-02
   0.727069298802442E-02
   0.663368748219794E-16
   0.573520417247114E-02
   0.387637558349470E-02
  -0.219266856483412E+00
   0.854848888319378E-01
   0.695632808837863E-16
  -0.145072291647133E-01
  -0.807424023826450E-02
   0.231916760736348E-17
   0.166161531721110E-15
   0.131442603510323E-15
   0.290482593371637E-01
  -0.276660824171760E-15
   0.146615646909638E-15
   0.308483122321662E-02
   0.198645185662700E-16
  -0.274204464116895E-16
  -0.508404757704532E-17
  -0.386429717130670E-03
  -0.913638513350961E-03
   0.217997990508430E-16
   0.513885308285915E-16
  -0.167157514737977E-16
  -0.365121338366858E-15
   0.980392622751813E-16
   0.101753386919629E-02
   0.895960233526202E-16
  -0.602746451431795E-16
  -0.243505211065483E-16
   0.695632808837863E-16
   0.188327915201672E-02
  -0.168214333808498E-16
  -0.389714960978410E-17
  -0.759755308894147E-03
   0.228378349343223E-01
  -0.106777980160524E-01
  -0.561086891390846E-15
  -0.139220116689401E-01
  -0.270124665821261E-01
  -0.662008212344703E-16
   0.248295322866274E-02
   0.289943540510975E-02
  -0.613348218875208E-03
  -0.554294692825843E-17
   0.441674622404412E-17
  -0.221920970026278E-03
   0.618400581171756E-03
   0.835269188901489E-03
   0.113128516484343E-01
  -0.573520417247158E-02
  -0.180737086568018E-16
  -0.188603758486608E-02
  -0.274493948254721E-03
   0.354860620441006E-01
  -0.145072291647133E-01
  -0.168214333808498E-16
   0.323370999152183E-02
   0.988173237266200E-03
  -0.744837906505374E-03
   0.199704774664763E-01
  -0.713799860831208E-03
  -0.462683805148207E-15
  -0.215384594876590E-01
   0.570543612685564E-02
  -0.134142022164404E-15
   0.357024547562082E-02
   0.194168699958153E-02
   0.669702120195632E-04
   0.683287680877327E-17
   0.357959796701384E-17
   0.390495202803766E-03
   0.744341101061120E-03
  -0.457465414823331E-03
  -0.136713613651156E-01
   0.387637558349439E-02
  -0.690570154377183E-17
   0.274493948254715E-03
  -0.231591582388532E-03
   0.207442658046483E-01
  -0.807424023826449E-02
  -0.389714960978410E-17
   0.988173237266199E-03
   0.210962342886379E-02
