rank_mo_coefficient 2
dims_mo_coefficient 0 23
dims_mo_coefficient 1 23
rank_mo_coefficient_im 0
rank_mo_occupation 0
rank_mo_energy 0
rank_mo_spin 0
rank_mo_class 0
rank_mo_symmetry 0
mo_num_isSet 1 
mo_num 23 
len_mo_type 0
mo_type
mo_coefficient
  1.0003994352089314e+00
 -8.1656283368269304e-03
  7.1554222441243742e-05
 -2.1669891072753828e-03
  3.9126794543440722e-17
 -5.2061654078509149e-02
  6.5280388595366533e-04
 -1.6525625594849445e-03
 -6.5075958080688764e-02
 -1.9722292117068220e-03
 -2.8765195763344380e-16
 -6.5386413564312270e-04
 -2.0089353696636456e-01
  1.7539734186146111e-16
 -7.2449857962989206e-01
 -2.5699171040532588e-03
  1.4090715541870873e-02
  2.7686523912902483e-01
  1.5937628173080088e-16
 -1.1920020326710238e-16
 -8.4011023760624429e-02
 -1.4346070750082393e-01
  1.1952565338715274e-04
  2.3060924131900478e-03
  8.7017522487544141e-01
 -3.1640580678293567e-03
  2.9714712896106765e-01
  2.5468147874996071e-16
  1.4222057201082050e-01
 -2.8536402156085663e-03
 -1.3169724620203943e-02
 -5.0236127132148800e-01
 -2.1978082316803446e-01
 -1.4549891260425479e-15
 -1.3377563726605882e-03
 -1.0366803834070515e+00
  9.6292065264013715e-16
 -3.1330806565506886e+00
 -1.0878796700045179e-02
  7.2863393944237131e-02
  1.4275850945273107e+00
  7.9538001784276935e-16
 -6.5920104895883254e-16
 -3.0264411770882654e-01
 -3.4887156767687255e-01
 -1.2416914611865118e-04
 -1.3950131112934019e-03
 -1.2310401080258501e-01
 -1.6705375055059511e-03
  1.8097729519869046e-01
 -1.7151620227167335e-16
  9.1981029922611890e-01
 -1.3202839372612895e-02
  1.5541036121530771e-02
  6.0645333400914037e-01
 -6.2676515426780055e-01
  1.4264755293821611e-15
  7.1571889770054168e-03
  1.0917662281372531e+00
 -9.5459389724861792e-16
  4.8268690011673678e+00
  1.7645356935699706e-02
 -2.8969652323265109e-04
 -2.3341814053215927e-02
 -1.0129411097548513e-15
  5.9921190690007787e-16
  7.2905006425759944e-01
  2.4673258738397164e+00
 -4.2455922276807079e-03
  2.9565426546180267e-18
 -2.4658256503867691e-17
  3.3271341945561036e-16
  3.3646545875522158e-17
  9.2062764358999938e-01
  7.2109539558814845e-17
 -7.7423848562851310e-17
 -3.1998875911381760e-16
  3.9640039349303016e-16
  1.2907809756405088e-15
 -1.4096373137248004e+00
  2.0233826651045439e-15
 -3.9859726435135025e-16
 -1.6963842632393943e-02
  4.4094905444227467e-16
  6.2043021702492542e-17
  1.7930843992093832e-16
  2.7592054587455882e-17
  2.0692568963800079e-02
  1.0372242184761866e-02
 -1.7208946750304705e-16
  1.2760834227596718e-17
  1.6874831598909775e-16
  2.2365682402120603e-05
  1.4338228141624865e-03
  7.1302066967381117e-01
  3.5112305405592690e-03
 -3.4991245726205505e-17
  6.9078036630898527e-03
  4.1310961040327915e-01
 -3.9175498681591714e-01
  8.2881169757231914e-03
 -4.5038689038015729e-03
 -1.2847790204472351e-15
 -1.0691647065802150e+00
 -1.1014355732013020e-05
 -1.3266584623348670e-15
  1.1917563149149556e-03
 -1.5880183432971151e-02
  1.2213764066525570e+00
 -6.1772282304222742e-02
  9.6612105220767676e-16
  9.0978447760493738e-18
  6.8130197436545045e-04
  6.3735435784288089e-04
  6.8157596263052778e-01
 -2.5865161303676417e-03
 -1.1576157912711027e-01
 -1.5899632564059644e-03
  7.9381686926238826e-01
  1.4719568741121641e-17
 -2.7912468156158476e-01
  3.2117663778656212e-03
  1.4023371227548024e-02
  4.7862822866680871e-01
 -1.0988224055978641e+00
 -1.0763634710823146e-15
  2.5931584696661440e-03
 -1.9676025097103617e-01
  2.0978008188848820e-16
 -1.6017458275620738e-01
 -1.1056160902651990e-03
 -5.1013619809034787e-02
 -9.7445494234429175e-01
  8.1326545170794722e-17
 -8.9622939884198427e-17
 -2.6659081815260336e-02
 -5.8893206893753902e-01
  1.6745616844793317e-03
 -2.1585483844379128e-18
 -2.0228513663133186e-17
 -5.8740384069475933e-17
  4.6635930704898875e-17
  8.4313446432337347e-02
 -8.6892084841301684e-17
 -1.6623167648852645e-16
  2.6661177467763952e-16
 -3.4970893951608660e-16
 -1.5724507264266824e-15
  1.6773043434610171e+00
 -2.1415279773394750e-15
 -4.3789120604322165e-17
 -4.1682954847533327e-01
 -4.7956758634045657e-16
 -2.6693770118368917e-16
 -3.0968858849957109e-16
 -1.9010229815401468e-17
  5.0291257049688660e-03
 -2.1821722096149904e-01
 -6.8828917055412389e-17
  1.6636824394157195e-18
 -1.5376217436977361e-16
 -1.3850074407299296e-05
 -4.3462175118486268e-04
 -1.0737830502472641e-01
  3.3670330909906453e-04
  3.4139696067346923e-16
  6.0996646879345985e-03
  4.8064879259618132e-01
 -2.7843928053743316e-01
  1.0797999505489202e-02
  7.0979567588724890e-03
  3.4114607509921573e-15
  2.2556373126583882e+00
  4.7005680236900677e-03
  2.1674209085467429e-15
 -7.1063421157499789e-03
  9.1004835584013344e-01
 -4.1029120876237113e-01
  2.0882495317396266e-02
 -6.7910764245338582e-17
  2.1074483251760466e-16
  1.4175619103571271e-04
  1.3883261936281700e-03
  8.3000300420170370e-01
  1.6790831412515422e-03
  6.6209068540292668e-02
  3.8633417681732159e-04
 -1.0038494524541965e-03
 -1.6760434747602342e-16
 -2.0834775159429100e-01
  2.9900283333178517e-03
 -4.6002172005257837e-03
 -2.2782755198807014e-01
  1.7824421394734118e+00
  1.3870846054710241e-15
 -7.5950623473089980e-03
  8.3750601817016035e-01
 -8.7461198416746949e-16
 -8.9279933828907077e-01
 -4.7939486755532706e-03
  1.4301545832909535e-02
  2.6859356381544658e-01
 -1.6879805206740787e-16
  4.7829288149195380e-16
 -5.2445882774386632e-01
 -6.5068427017334385e-01
  1.0621213974738775e-03
  3.6092051724740778e-19
  4.7143939979104746e-21
 -4.6112478452040103e-18
  5.9717226533043544e-19
  2.5242918608255152e-03
  2.3612052057224601e-17
 -1.7541642798359825e-18
 -1.9382863977786864e-17
  8.7587103566838923e-17
 -5.1576842776929886e-17
 -3.8230072094000043e-04
  7.7154652812853256e-17
 -2.8388936639637978e-16
 -1.2048054740062911e-01
 -6.4981859113179748e-17
  4.0699321564098115e-17
  5.2975971948663151e-16
 -5.1065842862915613e-17
 -6.3093596156668097e-01
  8.1987346153729268e-01
  6.3535810264135261e-16
  5.8617346751008184e-18
  7.6637724209445190e-17
 -3.4064852077305224e-07
 -1.0144875303496253e-04
 -2.6993733087411625e-02
  1.5217217923919242e-04
 -1.5603290949002239e-16
 -3.8031163114231673e-04
 -2.1313781748050813e-02
 -1.1141805501680629e-01
  3.2681358550665923e-03
 -3.2846249240707720e-04
  1.3655907677646749e-16
 -4.4246761829398629e-02
  2.9314081528746558e-04
 -2.4137386262617249e-17
 -1.0532285265189986e-04
  2.9331768190370637e-02
  1.3780766948566264e-01
 -7.6169530270824293e-03
 -6.5163712558977243e-17
  1.0016506606083765e-17
 -3.5714403366176738e-04
 -2.4278974496837048e-03
 -1.3254618893235597e+00
  9.7693423676726838e-06
  1.3192017138224674e-03
 -1.5415919414958728e-05
 -1.8177670403086099e-02
  5.5775985292097418e-17
  7.6305971924959977e-03
 -2.1011409496186849e-04
  2.1311132036003140e-04
  8.6396820114739725e-04
 -1.3057324819593433e-02
 -1.6231317699038423e-16
  4.4838325576883799e-05
  1.1714469065336028e-01
 -1.8157331775889705e-16
 -1.1381623295839902e-01
 -1.3224158467569577e-03
 -2.8044758417126031e-03
 -5.2709236610658725e-02
  8.4769246231417304e-17
 -7.3023148477854156e-16
  1.0843000061727772e+00
  1.3647542032009288e-01
 -5.3987147609359644e-04
  4.7254254532538245e-20
 -1.7933988854292958e-18
 -1.1494903204992986e-16
  1.2008001179680293e-17
 -2.0530318325545228e-02
 -6.5026102126799061e-18
 -7.2762623378291866e-17
 -9.4888501765316026e-17
  7.4597678165344864e-18
 -1.2551678230609415e-17
  3.6650725265426061e-03
  1.7075149861937458e-16
 -1.1468561412510696e-16
 -8.2319814537371583e-02
 -3.4805940857187411e-19
 -2.6914034526525360e-16
 -4.4230792090118012e-16
  1.8816177166425228e-17
  7.7558370171280966e-01
  6.6492934388561786e-01
  3.5516539866916986e-16
  1.8913396436331612e-17
 -3.5493700923769652e-17
 -1.3618153408502510e-04
 -3.0986647518062259e-03
 -3.4847307234998209e-04
  4.6579813872480030e-03
 -1.3544507577973387e-17
 -9.9223176136120517e-03
  7.8456884050861781e-05
 -2.7371848548048694e-03
 -1.0687013098929991e-01
 -6.5016547830138022e-03
 -2.4342303351084722e-17
  3.8303259139809559e-04
  4.7688923788738805e-03
 -4.5523489881628378e-18
  1.0817401590932493e-01
  1.8218562007762951e-04
  1.0673349224072953e-02
  2.1651187126800289e-01
  2.5252959583213563e-17
 -9.1924510216277261e-17
  1.7697736040670292e-01
 -1.1595413411253181e+00
  1.9031273273019955e-03
 -4.0819321783943789e-04
  3.2852163759557945e-01
 -5.5684076525476700e-01
 -3.5220302065207237e-01
  7.3639042178137566e-16
 -1.0034283632470238e-01
  4.5592010409383106e-02
 -1.5670747507516360e+00
  1.3867228382924692e+00
  9.2835242075698687e-01
  2.3009609508545770e-15
  6.3761099897561946e-01
  5.7750175125681324e-01
 -1.8177641831358719e-19
 -1.4126039581878507e+00
  6.5409347680957919e-01
  4.5901010865353381e-01
 -8.3907614805652575e-01
  1.3976036231666423e-16
  4.9335739561263191e-16
 -5.1828430606898934e-01
 -2.1026611153693153e+00
  1.8511819511214833e+00
  6.2547702424555179e-04
 -1.5449469025665188e-01
  1.8941641589810407e-01
  1.3614295219290004e-01
  2.2759104790260056e-16
 -7.5805974414232824e-01
  1.4324663545524348e+00
  1.4580378418997464e+00
 -1.2600284740090759e+00
 -3.4759499956069934e-01
 -4.6356891003864339e-16
  5.0475193870728141e-01
 -4.9766013996604319e-01
  8.0269187635843908e-16
  3.1854989039515719e-01
 -2.3734171654377065e-01
  9.1371611477005357e-02
  2.4490283462142270e-01
  7.1186567547778974e-16
 -3.6864221938536953e-16
  2.2225893976118152e-01
  8.6261803511283630e-01
 -6.3909956359668940e-01
 -2.6782565961021312e-20
 -1.2803359071462424e-18
  2.7749727325226330e-17
 -5.6128110060969441e-18
  2.9363701887724074e-02
 -1.8523989044716730e-18
  2.2306912438656424e-18
  2.2645808571750601e-16
  1.1664246724982345e-18
 -2.7315987663529162e-17
  9.5842312608205565e-03
 -1.0892808915262850e-15
  8.8611390687774159e-16
  1.0211861268584836e+00
 -1.6307107202152180e-16
  5.2415875536655334e-16
  1.7968832306817292e-16
  1.9899587799061922e-19
 -2.1273572902193755e-02
  5.4492660655734937e-01
  4.0789583000632414e-16
  8.9969581203505884e-18
  9.9028542235758278e-18
 -5.6917526064694912e-04
  3.7366712120925759e-02
 -2.3394038252081837e-02
 -3.1889533381063644e-02
 -6.4962233248857630e-19
 -1.7124504929856843e-02
  2.1147021643249976e-02
  6.6440704837638781e-02
 -2.9640243707596281e-01
  8.4909175821986524e-02
  3.1863013289739754e-16
  3.0253043891504267e-01
  3.2928641621550497e-01
  1.9784722897190088e-16
 -3.7087276384475293e-01
 -4.7452384685626758e-01
  6.8502107165051696e-01
 -7.8051827776665061e-01
  5.8302517374879345e-16
 -1.1349159809657340e-17
 -3.5169375221400845e-01
 -6.1952020714959366e-01
  6.0699681762244817e-01
 -4.8149757853305843e-04
  2.0349092612781505e-02
 -3.2527063933623722e-02
  7.5533748581073402e-03
  1.3097866470908800e-16
 -1.6103186255482287e-02
  1.7236469121021086e-02
  1.5088158982835245e-01
 -6.3385678971370332e-02
  2.5310987365706189e-01
  2.9520099844962515e-16
  1.8564193032678125e-01
 -5.4181201334402707e-01
  2.4670301752124565e-16
  1.9196040484931842e-02
  6.9516515873945084e-01
  5.2669630840951343e-01
 -5.6489382334366223e-01
  6.5249517589967923e-16
 -1.8720349574737321e-16
  3.1576355070130452e-01
 -4.9207770211849799e-01
  4.9460915399343641e-01
 -4.2292696015591041e-04
  3.3155288372666009e-01
  5.6311286245326764e-01
 -3.5281501448581259e-01
 -6.5206053196864961e-16
 -1.0110207818126181e-01
 -4.3443120410565902e-02
  1.6432958336560830e+00
  1.2967132382815514e+00
  9.2510367087751566e-01
 -1.0378001211255655e-15
 -6.5336933126384378e-01
  5.6840539545224733e-01
 -1.5315131271317046e-15
 -1.4029320836300958e+00
 -6.6659910290521307e-01
 -5.4357629363194604e-01
 -7.8841274175544174e-01
 -5.1418259841297775e-16
  5.1372074614146591e-16
 -5.1973753686686319e-01
 -2.1080937524463952e+00
 -1.8423884645143283e+00
  6.3310002867561011e-04
 -1.5621954005209232e-01
 -1.9206328264633890e-01
  1.3596468674303222e-01
 -2.3722415500401646e-16
 -7.9804606695038904e-01
 -1.4090493416465526e+00
 -1.5268707109566502e+00
 -1.1814095324177412e+00
 -3.5118186448192423e-01
 -6.6407787933615848e-16
 -4.9735564087515299e-01
 -4.9301505820180674e-01
  4.1774010600588102e-16
  3.1631366825926321e-01
  2.4094599865955538e-01
 -6.5431103772428237e-02
  2.5286500558603392e-01
 -2.2292752354012997e-16
 -3.8792958775595549e-16
  2.2273545618262908e-01
  8.6446911587217645e-01
  6.3533428471241227e-01
  5.7765043576545158e-04
 -3.7529376320959290e-02
 -2.3350574243242841e-02
  3.1931582485675340e-02
  2.1658831910023599e-16
  1.7194125411516790e-02
  2.0110348466319344e-02
  8.1253144671175406e-02
  2.9421676478767228e-01
 -8.2202178305572901e-02
  4.7532931371925977e-16
  3.0390079974129847e-01
 -3.3242063743902595e-01
  6.8236192395256169e-16
  3.7424397180331792e-01
 -4.6858311773229128e-01
  7.6153085151184374e-01
  7.0681361850270508e-01
  4.6120099111152059e-16
 -3.0820101555067744e-16
  3.5176405554619455e-01
  6.2127983936358511e-01
  6.0409368882380088e-01
 -4.8691130060203781e-04
  2.0605145931570916e-02
  3.2844197102501339e-02
  7.9477115114498370e-03
 -3.3272528129044204e-17
 -1.6216747165900738e-02
 -1.6511230411269950e-02
 -1.5532063215345510e-01
 -5.4601763196245254e-02
  2.5386733260306488e-01
  4.7283637699478036e-17
 -1.8669944510982417e-01
 -5.4636272191741564e-01
  7.4446387700474806e-16
  2.5866333089988619e-02
 -6.9117437917163194e-01
 -5.8188415741221033e-01
 -5.0822739766811531e-01
 -4.1992700476231212e-16
 -3.4579744684081475e-16
  3.1489370901875741e-01
 -4.9330266415608931e-01
 -4.9271937418213491e-01
mo_coefficient_im
mo_occupation
mo_energy
mo_spin
mo_class
mo_symmetry
