rank_mo_1e_int_overlap 2
dims_mo_1e_int_overlap 0 23
dims_mo_1e_int_overlap 1 23
rank_mo_1e_int_kinetic 2
dims_mo_1e_int_kinetic 0 23
dims_mo_1e_int_kinetic 1 23
rank_mo_1e_int_potential_n_e 2
dims_mo_1e_int_potential_n_e 0 23
dims_mo_1e_int_potential_n_e 1 23
rank_mo_1e_int_ecp 0
rank_mo_1e_int_core_hamiltonian 2
dims_mo_1e_int_core_hamiltonian 0 23
dims_mo_1e_int_core_hamiltonian 1 23
rank_mo_1e_int_overlap_im 0
rank_mo_1e_int_kinetic_im 0
rank_mo_1e_int_potential_n_e_im 0
rank_mo_1e_int_ecp_im 0
rank_mo_1e_int_core_hamiltonian_im 0
mo_1e_int_overlap
  1.0000000000000004e+00
  1.1381866340787715e-06
  1.9189620099353644e-01
  0.0000000000000000e+00
  0.0000000000000000e+00
  0.0000000000000000e+00
  0.0000000000000000e+00
  0.0000000000000000e+00
  0.0000000000000000e+00
  0.0000000000000000e+00
  0.0000000000000000e+00
  0.0000000000000000e+00
  0.0000000000000000e+00
  0.0000000000000000e+00
  6.5018244853501161e-02
  6.8058309702977188e-02
  0.0000000000000000e+00
  8.6863173263568849e-02
  6.7281102904230228e-02
  6.5018244853501161e-02
  6.8058309702977188e-02
 -8.6863173263568849e-02
  6.7281102904230228e-02
  1.1381866341509794e-06
  1.0000000000000000e+00
  9.3332372028985366e-01
  0.0000000000000000e+00
  0.0000000000000000e+00
  0.0000000000000000e+00
  0.0000000000000000e+00
  0.0000000000000000e+00
  0.0000000000000000e+00
  0.0000000000000000e+00
  0.0000000000000000e+00
  0.0000000000000000e+00
  0.0000000000000000e+00
  0.0000000000000000e+00
  5.1878423837255438e-01
  5.3661306096769157e-01
  0.0000000000000000e+00
  3.3971646219341611e-01
  2.6313220427421896e-01
  5.1878423837255438e-01
  5.3661306096769157e-01
 -3.3971646219341611e-01
  2.6313220427421896e-01
  1.9189620099353644e-01
  9.3332372028985344e-01
  1.0000000000000000e+00
  0.0000000000000000e+00
  0.0000000000000000e+00
  0.0000000000000000e+00
  0.0000000000000000e+00
  0.0000000000000000e+00
  0.0000000000000000e+00
  0.0000000000000000e+00
  0.0000000000000000e+00
  0.0000000000000000e+00
  0.0000000000000000e+00
  0.0000000000000000e+00
  6.1669835704282239e-01
  6.4784695992082808e-01
  0.0000000000000000e+00
  3.0956196897840821e-01
  2.3977561384817275e-01
  6.1669835704282239e-01
  6.4784695992082808e-01
 -3.0956196897840821e-01
  2.3977561384817275e-01
  0.0000000000000000e+00
  0.0000000000000000e+00
  0.0000000000000000e+00
  1.0000000000000000e+00
  0.0000000000000000e+00
  0.0000000000000000e+00
  8.0456377931675860e-01
  0.0000000000000000e+00
  0.0000000000000000e+00
  0.0000000000000000e+00
  0.0000000000000000e+00
  0.0000000000000000e+00
  0.0000000000000000e+00
  0.0000000000000000e+00
  0.0000000000000000e+00
  0.0000000000000000e+00
  3.1456984585748898e-01
  0.0000000000000000e+00
  0.0000000000000000e+00
  0.0000000000000000e+00
  0.0000000000000000e+00
 -0.0000000000000000e+00
  0.0000000000000000e+00
  0.0000000000000000e+00
  0.0000000000000000e+00
  0.0000000000000000e+00
  0.0000000000000000e+00
  1.0000000000000000e+00
  0.0000000000000000e+00
  0.0000000000000000e+00
  8.0456377931675860e-01
  0.0000000000000000e+00
  0.0000000000000000e+00
  0.0000000000000000e+00
  0.0000000000000000e+00
  0.0000000000000000e+00
  0.0000000000000000e+00
 -3.2340469067794025e-01
 -2.0025349241487128e-01
 -0.0000000000000000e+00
 -7.9710219856997555e-02
 -3.0539521730262326e-01
  3.2340469067794025e-01
  2.0025349241487128e-01
 -7.9710219856997555e-02
  3.0539521730262326e-01
  0.0000000000000000e+00
  0.0000000000000000e+00
  0.0000000000000000e+00
  0.0000000000000000e+00
  0.0000000000000000e+00
  1.0000000000000000e+00
  0.0000000000000000e+00
  0.0000000000000000e+00
  8.0456377931675860e-01
  0.0000000000000000e+00
  0.0000000000000000e+00
  0.0000000000000000e+00
  0.0000000000000000e+00
  0.0000000000000000e+00
 -2.5049769028342833e-01
 -1.5510918291246961e-01
 -0.0000000000000000e+00
 -3.0539521730262326e-01
  7.8021648620314465e-02
 -2.5049769028342833e-01
 -1.5510918291246961e-01
  3.0539521730262326e-01
  7.8021648620314465e-02
  0.0000000000000000e+00
  0.0000000000000000e+00
  0.0000000000000000e+00
  8.0456377931675860e-01
  0.0000000000000000e+00
  0.0000000000000000e+00
  1.0000000000000000e+00
  0.0000000000000000e+00
  0.0000000000000000e+00
  0.0000000000000000e+00
  0.0000000000000000e+00
  0.0000000000000000e+00
  0.0000000000000000e+00
  0.0000000000000000e+00
  0.0000000000000000e+00
  0.0000000000000000e+00
  3.9144316583601363e-01
  0.0000000000000000e+00
  0.0000000000000000e+00
  0.0000000000000000e+00
  0.0000000000000000e+00
 -0.0000000000000000e+00
  0.0000000000000000e+00
  0.0000000000000000e+00
  0.0000000000000000e+00
  0.0000000000000000e+00
  0.0000000000000000e+00
  8.0456377931675860e-01
  0.0000000000000000e+00
  0.0000000000000000e+00
  1.0000000000000000e+00
  0.0000000000000000e+00
  0.0000000000000000e+00
  0.0000000000000000e+00
  0.0000000000000000e+00
  0.0000000000000000e+00
  0.0000000000000000e+00
 -4.4438435895159639e-01
 -3.0974591501110943e-01
 -0.0000000000000000e+00
  7.1361685184700235e-02
 -2.4792365082144113e-01
  4.4438435895159639e-01
  3.0974591501110943e-01
  7.1361685184700235e-02
  2.4792365082144113e-01
  0.0000000000000000e+00
  0.0000000000000000e+00
  0.0000000000000000e+00
  0.0000000000000000e+00
  0.0000000000000000e+00
  8.0456377931675860e-01
  0.0000000000000000e+00
  0.0000000000000000e+00
  1.0000000000000000e+00
  0.0000000000000000e+00
  0.0000000000000000e+00
  0.0000000000000000e+00
  0.0000000000000000e+00
  0.0000000000000000e+00
 -3.4420420830046394e-01
 -2.3991809185686169e-01
 -0.0000000000000000e+00
 -2.4792365082144124e-01
  1.9941038558406532e-01
 -3.4420420830046394e-01
 -2.3991809185686169e-01
  2.4792365082144124e-01
  1.9941038558406532e-01
  0.0000000000000000e+00
  0.0000000000000000e+00
  0.0000000000000000e+00
  0.0000000000000000e+00
  0.0000000000000000e+00
  0.0000000000000000e+00
  0.0000000000000000e+00
  0.0000000000000000e+00
  0.0000000000000000e+00
  9.9999999999999989e-01
  0.0000000000000000e+00
  0.0000000000000000e+00
  0.0000000000000000e+00
  0.0000000000000000e+00
 -0.0000000000000000e+00
 -0.0000000000000000e+00
 -2.5144450436572263e-01
 -0.0000000000000000e+00
 -0.0000000000000000e+00
  0.0000000000000000e+00
  0.0000000000000000e+00
 -0.0000000000000000e+00
  0.0000000000000000e+00
  0.0000000000000000e+00
  0.0000000000000000e+00
  0.0000000000000000e+00
  0.0000000000000000e+00
  0.0000000000000000e+00
  0.0000000000000000e+00
  0.0000000000000000e+00
  0.0000000000000000e+00
  0.0000000000000000e+00
  0.0000000000000000e+00
  1.0000000000000000e+00
  0.0000000000000000e+00
  0.0000000000000000e+00
  0.0000000000000000e+00
  1.2379579541319644e-01
  2.0232379980450535e-02
  0.0000000000000000e+00
  1.6458655422732574e-01
  2.6892394324254779e-02
 -1.2379579541319644e-01
 -2.0232379980450535e-02
  1.6458655422732574e-01
 -2.6892394324254779e-02
  0.0000000000000000e+00
  0.0000000000000000e+00
  0.0000000000000000e+00
  0.0000000000000000e+00
  0.0000000000000000e+00
  0.0000000000000000e+00
  0.0000000000000000e+00
  0.0000000000000000e+00
  0.0000000000000000e+00
  0.0000000000000000e+00
  0.0000000000000000e+00
  9.9999999999999978e-01
  0.0000000000000000e+00
  0.0000000000000000e+00
  9.2229369953772955e-03
  1.5073368623174654e-03
  0.0000000000000000e+00
  1.7194329976443712e-01
 -2.0415293307975196e-01
  9.2229369953772955e-03
  1.5073368623174654e-03
 -1.7194329976443712e-01
 -2.0415293307975196e-01
  0.0000000000000000e+00
  0.0000000000000000e+00
  0.0000000000000000e+00
  0.0000000000000000e+00
  0.0000000000000000e+00
  0.0000000000000000e+00
  0.0000000000000000e+00
  0.0000000000000000e+00
  0.0000000000000000e+00
  0.0000000000000000e+00
  0.0000000000000000e+00
  0.0000000000000000e+00
  1.0000000000000000e+00
  0.0000000000000000e+00
 -0.0000000000000000e+00
 -0.0000000000000000e+00
 -1.9475990730387785e-01
 -0.0000000000000000e+00
 -0.0000000000000000e+00
 -0.0000000000000000e+00
 -0.0000000000000000e+00
  0.0000000000000000e+00
 -0.0000000000000000e+00
  0.0000000000000000e+00
  0.0000000000000000e+00
  0.0000000000000000e+00
  0.0000000000000000e+00
  0.0000000000000000e+00
  0.0000000000000000e+00
  0.0000000000000000e+00
  0.0000000000000000e+00
  0.0000000000000000e+00
  0.0000000000000000e+00
  0.0000000000000000e+00
  0.0000000000000000e+00
  0.0000000000000000e+00
  1.0000000000000000e+00
 -7.9913193765449586e-02
 -1.3060492856945605e-02
  0.0000000000000000e+00
  1.9477632523073607e-02
 -1.7967323076560177e-01
 -7.9913193765449586e-02
 -1.3060492856945605e-02
 -1.9477632523073607e-02
 -1.7967323076560177e-01
  6.5018244853501134e-02
  5.1878423837255438e-01
  6.1669835704282239e-01
  0.0000000000000000e+00
 -3.2340469067794031e-01
 -2.5049769028342839e-01
  0.0000000000000000e+00
 -4.4438435895159634e-01
 -3.4420420830046394e-01
 -0.0000000000000000e+00
  1.2379579541319638e-01
  9.2229369953772955e-03
 -0.0000000000000000e+00
 -7.9913193765449531e-02
  1.0000000000000002e+00
  9.0368690205096036e-01
  0.0000000000000000e+00
  0.0000000000000000e+00
  0.0000000000000000e+00
  3.7534144706607736e-01
  4.8480702369927631e-01
 -1.8162359169906678e-01
  0.0000000000000000e+00
  6.8058309702977188e-02
  5.3661306096769157e-01
  6.4784695992082808e-01
  0.0000000000000000e+00
 -2.0025349241487142e-01
 -1.5510918291246972e-01
  0.0000000000000000e+00
 -3.0974591501110960e-01
 -2.3991809185686183e-01
 -0.0000000000000000e+00
  2.0232379980450473e-02
  1.5073368623175210e-03
 -0.0000000000000000e+00
 -1.3060492856945549e-02
  9.0368690205096036e-01
  1.0000000000000002e+00
  0.0000000000000000e+00
  0.0000000000000000e+00
  0.0000000000000000e+00
  4.8480702369927631e-01
  6.0678285442419733e-01
 -1.7515200575434639e-01
  0.0000000000000000e+00
  0.0000000000000000e+00
  0.0000000000000000e+00
  0.0000000000000000e+00
  3.1456984585748904e-01
 -0.0000000000000000e+00
 -0.0000000000000000e+00
  3.9144316583601363e-01
 -0.0000000000000000e+00
 -0.0000000000000000e+00
 -2.5144450436572252e-01
  0.0000000000000000e+00
  0.0000000000000000e+00
 -1.9475990730387779e-01
  0.0000000000000000e+00
  0.0000000000000000e+00
  0.0000000000000000e+00
  1.0000000000000004e+00
  0.0000000000000000e+00
  0.0000000000000000e+00
  0.0000000000000000e+00
  0.0000000000000000e+00
 -0.0000000000000000e+00
  0.0000000000000000e+00
  8.6863173263568835e-02
  3.3971646219341606e-01
  3.0956196897840804e-01
  0.0000000000000000e+00
 -7.9710219856997527e-02
 -3.0539521730262331e-01
  0.0000000000000000e+00
  7.1361685184700333e-02
 -2.4792365082144110e-01
 -0.0000000000000000e+00
  1.6458655422732554e-01
  1.7194329976443701e-01
 -0.0000000000000000e+00
  1.9477632523073524e-02
  0.0000000000000000e+00
  0.0000000000000000e+00
  0.0000000000000000e+00
  1.0000000000000004e+00
  0.0000000000000000e+00
  1.8162359169906672e-01
  1.7515200575434636e-01
 -2.5237905629810237e-01
  0.0000000000000000e+00
  6.7281102904230228e-02
  2.6313220427421891e-01
  2.3977561384817267e-01
  0.0000000000000000e+00
 -3.0539521730262326e-01
  7.8021648620314479e-02
  0.0000000000000000e+00
 -2.4792365082144122e-01
  1.9941038558406532e-01
 -0.0000000000000000e+00
  2.6892394324254772e-02
 -2.0415293307975202e-01
 -0.0000000000000000e+00
 -1.7967323076560177e-01
  0.0000000000000000e+00
  0.0000000000000000e+00
  0.0000000000000000e+00
  0.0000000000000000e+00
  1.0000000000000004e+00
  0.0000000000000000e+00
  0.0000000000000000e+00
 -0.0000000000000000e+00
  5.0943863920434554e-02
  6.5018244853501134e-02
  5.1878423837255438e-01
  6.1669835704282239e-01
  0.0000000000000000e+00
  3.2340469067794031e-01
 -2.5049769028342839e-01
  0.0000000000000000e+00
  4.4438435895159634e-01
 -3.4420420830046394e-01
  0.0000000000000000e+00
 -1.2379579541319638e-01
  9.2229369953772955e-03
 -0.0000000000000000e+00
 -7.9913193765449531e-02
  3.7534144706607736e-01
  4.8480702369927631e-01
  0.0000000000000000e+00
  1.8162359169906678e-01
  0.0000000000000000e+00
  1.0000000000000002e+00
  9.0368690205096036e-01
  0.0000000000000000e+00
  0.0000000000000000e+00
  6.8058309702977188e-02
  5.3661306096769157e-01
  6.4784695992082808e-01
  0.0000000000000000e+00
  2.0025349241487142e-01
 -1.5510918291246972e-01
  0.0000000000000000e+00
  3.0974591501110960e-01
 -2.3991809185686183e-01
  0.0000000000000000e+00
 -2.0232379980450473e-02
  1.5073368623175210e-03
 -0.0000000000000000e+00
 -1.3060492856945549e-02
  4.8480702369927631e-01
  6.0678285442419733e-01
  0.0000000000000000e+00
  1.7515200575434639e-01
  0.0000000000000000e+00
  9.0368690205096036e-01
  1.0000000000000002e+00
  0.0000000000000000e+00
  0.0000000000000000e+00
 -8.6863173263568835e-02
 -3.3971646219341606e-01
 -3.0956196897840804e-01
 -0.0000000000000000e+00
 -7.9710219856997527e-02
  3.0539521730262331e-01
 -0.0000000000000000e+00
  7.1361685184700333e-02
  2.4792365082144110e-01
 -0.0000000000000000e+00
  1.6458655422732554e-01
 -1.7194329976443701e-01
  0.0000000000000000e+00
 -1.9477632523073524e-02
 -1.8162359169906672e-01
 -1.7515200575434636e-01
 -0.0000000000000000e+00
 -2.5237905629810237e-01
 -0.0000000000000000e+00
  0.0000000000000000e+00
  0.0000000000000000e+00
  1.0000000000000004e+00
  0.0000000000000000e+00
  6.7281102904230228e-02
  2.6313220427421891e-01
  2.3977561384817267e-01
  0.0000000000000000e+00
  3.0539521730262326e-01
  7.8021648620314479e-02
  0.0000000000000000e+00
  2.4792365082144122e-01
  1.9941038558406532e-01
  0.0000000000000000e+00
 -2.6892394324254772e-02
 -2.0415293307975202e-01
 -0.0000000000000000e+00
 -1.7967323076560177e-01
  0.0000000000000000e+00
  0.0000000000000000e+00
  0.0000000000000000e+00
  0.0000000000000000e+00
  5.0943863920434554e-02
  0.0000000000000000e+00
  0.0000000000000000e+00
  0.0000000000000000e+00
  1.0000000000000004e+00
mo_1e_int_kinetic
  2.9214928025012622e+01
 -8.0249422042302019e+00
  1.6670740748754137e-01
  0.0000000000000000e+00
  0.0000000000000000e+00
  0.0000000000000000e+00
  0.0000000000000000e+00
  0.0000000000000000e+00
  0.0000000000000000e+00
  0.0000000000000000e+00
  0.0000000000000000e+00
 -1.1102230246251565e-16
  0.0000000000000000e+00
  0.0000000000000000e+00
  7.1717020433531018e-03
  1.8095568829692200e-02
  0.0000000000000000e+00
  3.8517503121432872e-02
  2.9834278368621736e-02
  7.1717020433531018e-03
  1.8095568829692200e-02
 -3.8517503121432872e-02
  2.9834278368621736e-02
 -8.0249422042302019e+00
  3.1060777214471322e+00
  4.9951317120056205e-01
  0.0000000000000000e+00
  0.0000000000000000e+00
  0.0000000000000000e+00
  0.0000000000000000e+00
  0.0000000000000000e+00
  0.0000000000000000e+00
  0.0000000000000000e+00
  0.0000000000000000e+00
  0.0000000000000000e+00
  0.0000000000000000e+00
  0.0000000000000000e+00
  1.3343841110819343e-01
  1.1919971380578194e-01
  0.0000000000000000e+00
  3.0550891116427276e-01
  2.3663626043033015e-01
  1.3343841110819343e-01
  1.1919971380578194e-01
 -3.0550891116427276e-01
  2.3663626043033015e-01
  1.6670740748754137e-01
  4.9951317120056205e-01
  4.5345000000000002e-01
  0.0000000000000000e+00
  0.0000000000000000e+00
  0.0000000000000000e+00
  0.0000000000000000e+00
  0.0000000000000000e+00
  0.0000000000000000e+00
  0.0000000000000000e+00
  0.0000000000000000e+00
 -2.2204460492503131e-16
  0.0000000000000000e+00
  0.0000000000000000e+00
  1.6454523763350826e-01
  1.3686618577817547e-01
  0.0000000000000000e+00
  2.3802012917706983e-01
  1.8436186709238173e-01
  1.6454523763350826e-01
  1.3686618577817547e-01
 -2.3802012917706983e-01
  1.8436186709238173e-01
  0.0000000000000000e+00
  0.0000000000000000e+00
  0.0000000000000000e+00
  2.5359606869170772e+00
  0.0000000000000000e+00
  0.0000000000000000e+00
  7.0004312468521035e-01
  0.0000000000000000e+00
  0.0000000000000000e+00
  0.0000000000000000e+00
  0.0000000000000000e+00
  0.0000000000000000e+00
  0.0000000000000000e+00
  0.0000000000000000e+00
  0.0000000000000000e+00
  0.0000000000000000e+00
  2.5409043521221264e-01
  0.0000000000000000e+00
  0.0000000000000000e+00
  0.0000000000000000e+00
  0.0000000000000000e+00
  0.0000000000000000e+00
  0.0000000000000000e+00
  0.0000000000000000e+00
  0.0000000000000000e+00
  0.0000000000000000e+00
  0.0000000000000000e+00
  2.5359606869170772e+00
  0.0000000000000000e+00
  0.0000000000000000e+00
  7.0004312468521035e-01
  0.0000000000000000e+00
  0.0000000000000000e+00
  0.0000000000000000e+00
  0.0000000000000000e+00
  0.0000000000000000e+00
  0.0000000000000000e+00
 -2.0221408041499275e-01
 -8.0757999982550149e-02
  0.0000000000000000e+00
 -3.5815064292045978e-01
 -4.7422001099420558e-01
  2.0221408041499275e-01
  8.0757999982550149e-02
 -3.5815064292045978e-01
  4.7422001099420558e-01
  0.0000000000000000e+00
  0.0000000000000000e+00
  0.0000000000000000e+00
  0.0000000000000000e+00
  0.0000000000000000e+00
  2.5359606869170768e+00
  0.0000000000000000e+00
  0.0000000000000000e+00
  7.0004312468521035e-01
  0.0000000000000000e+00
  0.0000000000000000e+00
  0.0000000000000000e+00
  0.0000000000000000e+00
  0.0000000000000000e+00
 -1.5662778415662082e-01
 -6.2552254344645619e-02
  0.0000000000000000e+00
 -4.7422001099420547e-01
 -1.1322340056182531e-01
 -1.5662778415662082e-01
 -6.2552254344645619e-02
  4.7422001099420547e-01
 -1.1322340056182531e-01
  0.0000000000000000e+00
  0.0000000000000000e+00
  0.0000000000000000e+00
  7.0004312468521035e-01
  0.0000000000000000e+00
  0.0000000000000000e+00
  6.8825000000000003e-01
  0.0000000000000000e+00
  0.0000000000000000e+00
  0.0000000000000000e+00
  0.0000000000000000e+00
  0.0000000000000000e+00
  0.0000000000000000e+00
  0.0000000000000000e+00
  0.0000000000000000e+00
  0.0000000000000000e+00
  2.8856341184254380e-01
  0.0000000000000000e+00
  0.0000000000000000e+00
  0.0000000000000000e+00
  0.0000000000000000e+00
 -0.0000000000000000e+00
  0.0000000000000000e+00
  0.0000000000000000e+00
  0.0000000000000000e+00
  0.0000000000000000e+00
  0.0000000000000000e+00
  7.0004312468521035e-01
  0.0000000000000000e+00
  0.0000000000000000e+00
  6.8825000000000003e-01
  0.0000000000000000e+00
  0.0000000000000000e+00
  0.0000000000000000e+00
  0.0000000000000000e+00
  0.0000000000000000e+00
  0.0000000000000000e+00
 -2.5698882421265057e-01
 -1.1642221481573223e-01
 -0.0000000000000000e+00
 -7.5223903588559501e-02
 -2.8177662506648460e-01
  2.5698882421265057e-01
  1.1642221481573223e-01
 -7.5223903588559501e-02
  2.8177662506648460e-01
  0.0000000000000000e+00
  0.0000000000000000e+00
  0.0000000000000000e+00
  0.0000000000000000e+00
  0.0000000000000000e+00
  7.0004312468521035e-01
  0.0000000000000000e+00
  0.0000000000000000e+00
  6.8824999999999992e-01
  0.0000000000000000e+00
  0.0000000000000000e+00
  0.0000000000000000e+00
  0.0000000000000000e+00
  0.0000000000000000e+00
 -1.9905433888103485e-01
 -9.0176477799031901e-02
 -0.0000000000000000e+00
 -2.8177662506648460e-01
  7.0309330224090111e-02
 -1.9905433888103485e-01
 -9.0176477799031901e-02
  2.8177662506648460e-01
  7.0309330224090111e-02
  0.0000000000000000e+00
  0.0000000000000000e+00
  0.0000000000000000e+00
  0.0000000000000000e+00
  0.0000000000000000e+00
  0.0000000000000000e+00
  0.0000000000000000e+00
  0.0000000000000000e+00
  0.0000000000000000e+00
  4.1474999999999991e+00
  0.0000000000000000e+00
  0.0000000000000000e+00
  0.0000000000000000e+00
  0.0000000000000000e+00
  0.0000000000000000e+00
 -0.0000000000000000e+00
 -4.5861131588219106e-01
  0.0000000000000000e+00
 -0.0000000000000000e+00
  0.0000000000000000e+00
  0.0000000000000000e+00
  0.0000000000000000e+00
  0.0000000000000000e+00
  0.0000000000000000e+00
  0.0000000000000000e+00
  0.0000000000000000e+00
  0.0000000000000000e+00
  0.0000000000000000e+00
  0.0000000000000000e+00
  0.0000000000000000e+00
  0.0000000000000000e+00
  0.0000000000000000e+00
  0.0000000000000000e+00
  4.1475000000000000e+00
  0.0000000000000000e+00
  0.0000000000000000e+00
  0.0000000000000000e+00
  1.8452549915861047e-01
  1.4043782854764150e-02
  0.0000000000000000e+00
  6.2401392869611050e-01
  2.9987123336002741e-01
 -1.8452549915861047e-01
 -1.4043782854764150e-02
  6.2401392869611050e-01
 -2.9987123336002741e-01
 -1.1102230246251565e-16
  0.0000000000000000e+00
 -2.2204460492503131e-16
  0.0000000000000000e+00
  0.0000000000000000e+00
  0.0000000000000000e+00
  0.0000000000000000e+00
  0.0000000000000000e+00
  0.0000000000000000e+00
  0.0000000000000000e+00
  0.0000000000000000e+00
  4.1474999999999982e+00
  0.0000000000000000e+00
  0.0000000000000000e+00
  1.3747373625251497e-02
  1.0462788660465933e-03
  0.0000000000000000e+00
  3.3773377327614651e-01
 -3.5366935769079000e-01
  1.3747373625251497e-02
  1.0462788660465933e-03
 -3.3773377327614651e-01
 -3.5366935769079000e-01
  0.0000000000000000e+00
  0.0000000000000000e+00
  0.0000000000000000e+00
  0.0000000000000000e+00
  0.0000000000000000e+00
  0.0000000000000000e+00
  0.0000000000000000e+00
  0.0000000000000000e+00
  0.0000000000000000e+00
  0.0000000000000000e+00
  0.0000000000000000e+00
  0.0000000000000000e+00
  4.1475000000000000e+00
  0.0000000000000000e+00
  0.0000000000000000e+00
 -0.0000000000000000e+00
 -3.5522389958386830e-01
 -0.0000000000000000e+00
  0.0000000000000000e+00
  0.0000000000000000e+00
 -0.0000000000000000e+00
  0.0000000000000000e+00
  0.0000000000000000e+00
  0.0000000000000000e+00
  0.0000000000000000e+00
  0.0000000000000000e+00
  0.0000000000000000e+00
  0.0000000000000000e+00
  0.0000000000000000e+00
  0.0000000000000000e+00
  0.0000000000000000e+00
  0.0000000000000000e+00
  0.0000000000000000e+00
  0.0000000000000000e+00
  0.0000000000000000e+00
  0.0000000000000000e+00
  4.1475000000000000e+00
 -1.1911569306300079e-01
 -9.0656030499807333e-03
  0.0000000000000000e+00
 -1.7351049449598416e-01
 -4.8961891413998965e-01
 -1.1911569306300079e-01
 -9.0656030499807333e-03
  1.7351049449598416e-01
 -4.8961891413998965e-01
  7.1717020433531018e-03
  1.3343841110819343e-01
  1.6454523763350826e-01
  0.0000000000000000e+00
 -2.0221408041499275e-01
 -1.5662778415662082e-01
  0.0000000000000000e+00
 -2.5698882421265057e-01
 -1.9905433888103485e-01
  0.0000000000000000e+00
  1.8452549915861047e-01
  1.3747373625251497e-02
  0.0000000000000000e+00
 -1.1911569306300079e-01
  4.9928923249979196e-01
  2.0997888717551400e-01
  0.0000000000000000e+00
  0.0000000000000000e+00
  0.0000000000000000e+00
  3.2777455744806873e-02
  6.1729124449737424e-02
 -3.1030240286445302e-02
  0.0000000000000000e+00
  1.8095568829692200e-02
  1.1919971380578194e-01
  1.3686618577817547e-01
  0.0000000000000000e+00
 -8.0757999982550149e-02
 -6.2552254344645619e-02
  0.0000000000000000e+00
 -1.1642221481573223e-01
 -9.0176477799031901e-02
 -0.0000000000000000e+00
  1.4043782854764150e-02
  1.0462788660465933e-03
 -0.0000000000000000e+00
 -9.0656030499807333e-03
  2.0997888717551400e-01
  1.8300000000000005e-01
  0.0000000000000000e+00
  0.0000000000000000e+00
  0.0000000000000000e+00
  6.1729124449737438e-02
  7.4058282390274011e-02
 -6.0178572526402296e-02
  0.0000000000000000e+00
  0.0000000000000000e+00
  0.0000000000000000e+00
  0.0000000000000000e+00
  2.5409043521221264e-01
  0.0000000000000000e+00
  0.0000000000000000e+00
  2.8856341184254380e-01
 -0.0000000000000000e+00
 -0.0000000000000000e+00
 -4.5861131588219106e-01
  0.0000000000000000e+00
  0.0000000000000000e+00
 -3.5522389958386830e-01
  0.0000000000000000e+00
  0.0000000000000000e+00
  0.0000000000000000e+00
  1.8175000000000008e+00
  0.0000000000000000e+00
  0.0000000000000000e+00
  0.0000000000000000e+00
  0.0000000000000000e+00
  0.0000000000000000e+00
  0.0000000000000000e+00
  3.8517503121432872e-02
  3.0550891116427276e-01
  2.3802012917706983e-01
  0.0000000000000000e+00
 -3.5815064292045978e-01
 -4.7422001099420547e-01
  0.0000000000000000e+00
 -7.5223903588559501e-02
 -2.8177662506648460e-01
  0.0000000000000000e+00
  6.2401392869611050e-01
  3.3773377327614651e-01
 -0.0000000000000000e+00
 -1.7351049449598416e-01
  0.0000000000000000e+00
  0.0000000000000000e+00
  0.0000000000000000e+00
  1.8175000000000008e+00
  0.0000000000000000e+00
  3.1030240286445281e-02
  6.0178572526402227e-02
 -1.3299032572128594e-01
  0.0000000000000000e+00
  2.9834278368621736e-02
  2.3663626043033015e-01
  1.8436186709238173e-01
  0.0000000000000000e+00
 -4.7422001099420558e-01
 -1.1322340056182531e-01
  0.0000000000000000e+00
 -2.8177662506648460e-01
  7.0309330224090111e-02
 -0.0000000000000000e+00
  2.9987123336002741e-01
 -3.5366935769079000e-01
  0.0000000000000000e+00
 -4.8961891413998965e-01
  0.0000000000000000e+00
  0.0000000000000000e+00
  0.0000000000000000e+00
  0.0000000000000000e+00
  1.8175000000000010e+00
  0.0000000000000000e+00
  0.0000000000000000e+00
  0.0000000000000000e+00
 -1.7667408824048367e-02
  7.1717020433531018e-03
  1.3343841110819343e-01
  1.6454523763350826e-01
  0.0000000000000000e+00
  2.0221408041499275e-01
 -1.5662778415662082e-01
  0.0000000000000000e+00
  2.5698882421265057e-01
 -1.9905433888103485e-01
  0.0000000000000000e+00
 -1.8452549915861047e-01
  1.3747373625251497e-02
  0.0000000000000000e+00
 -1.1911569306300079e-01
  3.2777455744806873e-02
  6.1729124449737438e-02
  0.0000000000000000e+00
  3.1030240286445281e-02
  0.0000000000000000e+00
  4.9928923249979196e-01
  2.0997888717551400e-01
  0.0000000000000000e+00
  0.0000000000000000e+00
  1.8095568829692200e-02
  1.1919971380578194e-01
  1.3686618577817547e-01
  0.0000000000000000e+00
  8.0757999982550149e-02
 -6.2552254344645619e-02
  0.0000000000000000e+00
  1.1642221481573223e-01
 -9.0176477799031901e-02
  0.0000000000000000e+00
 -1.4043782854764150e-02
  1.0462788660465933e-03
 -0.0000000000000000e+00
 -9.0656030499807333e-03
  6.1729124449737424e-02
  7.4058282390274011e-02
  0.0000000000000000e+00
  6.0178572526402227e-02
  0.0000000000000000e+00
  2.0997888717551400e-01
  1.8300000000000005e-01
  0.0000000000000000e+00
  0.0000000000000000e+00
 -3.8517503121432872e-02
 -3.0550891116427276e-01
 -2.3802012917706983e-01
  0.0000000000000000e+00
 -3.5815064292045978e-01
  4.7422001099420547e-01
 -0.0000000000000000e+00
 -7.5223903588559501e-02
  2.8177662506648460e-01
  0.0000000000000000e+00
  6.2401392869611050e-01
 -3.3773377327614651e-01
  0.0000000000000000e+00
  1.7351049449598416e-01
 -3.1030240286445302e-02
 -6.0178572526402296e-02
  0.0000000000000000e+00
 -1.3299032572128594e-01
  0.0000000000000000e+00
  0.0000000000000000e+00
  0.0000000000000000e+00
  1.8175000000000008e+00
  0.0000000000000000e+00
  2.9834278368621736e-02
  2.3663626043033015e-01
  1.8436186709238173e-01
  0.0000000000000000e+00
  4.7422001099420558e-01
 -1.1322340056182531e-01
  0.0000000000000000e+00
  2.8177662506648460e-01
  7.0309330224090111e-02
  0.0000000000000000e+00
 -2.9987123336002741e-01
 -3.5366935769079000e-01
  0.0000000000000000e+00
 -4.8961891413998965e-01
  0.0000000000000000e+00
  0.0000000000000000e+00
  0.0000000000000000e+00
  0.0000000000000000e+00
 -1.7667408824048367e-02
  0.0000000000000000e+00
  0.0000000000000000e+00
  0.0000000000000000e+00
  1.8175000000000010e+00
mo_1e_int_potential_n_e
 -6.2243433444590636e+01
  8.6509940050415768e+00
 -6.0792751878530726e+00
  0.0000000000000000e+00
  0.0000000000000000e+00
  2.3067787931462486e-02
  0.0000000000000000e+00
  0.0000000000000000e+00
  5.1054212598250492e-03
  0.0000000000000000e+00
  0.0000000000000000e+00
 -3.5365942048892762e-04
  0.0000000000000000e+00
  3.0643225483004688e-03
 -2.0048382711117689e+00
 -2.1132566267698181e+00
  0.0000000000000000e+00
 -2.7076423934804410e+00
 -2.0957101170462642e+00
 -2.0048382711117689e+00
 -2.1132566267698181e+00
  2.7076423934804410e+00
 -2.0957101170462642e+00
  8.6509940050415768e+00
 -1.1206785044456556e+01
 -7.4300647552346923e+00
  0.0000000000000000e+00
  0.0000000000000000e+00
  2.2043778803062827e-01
  0.0000000000000000e+00
  0.0000000000000000e+00
  1.9766454637653005e-01
  0.0000000000000000e+00
  0.0000000000000000e+00
 -1.2211709113103986e-02
  0.0000000000000000e+00
  1.0580975204014109e-01
 -3.7728124039226709e+00
 -3.7774240452952190e+00
  0.0000000000000000e+00
 -3.1340655218319715e+00
 -2.3824804831776163e+00
 -3.7728124039226709e+00
 -3.7774240452952190e+00
  3.1340655218319715e+00
 -2.3824804831776163e+00
 -6.0792751878530726e+00
 -7.4300647552346923e+00
 -8.0726246751649171e+00
  0.0000000000000000e+00
  0.0000000000000000e+00
  2.3358606032432677e-01
  0.0000000000000000e+00
  0.0000000000000000e+00
  2.4218119098054006e-01
  0.0000000000000000e+00
  0.0000000000000000e+00
 -1.2948585398046220e-02
  0.0000000000000000e+00
  1.1219450099475203e-01
 -4.3140855043419295e+00
 -4.3550080689850654e+00
  0.0000000000000000e+00
 -3.1308707228757702e+00
 -2.3722973098012634e+00
 -4.3140855043419295e+00
 -4.3550080689850663e+00
  3.1308707228757702e+00
 -2.3722973098012634e+00
  0.0000000000000000e+00
  0.0000000000000000e+00
  0.0000000000000000e+00
 -9.8672577189172355e+00
  0.0000000000000000e+00
  0.0000000000000000e+00
 -5.3960522898049508e+00
  0.0000000000000000e+00
  0.0000000000000000e+00
  0.0000000000000000e+00
  0.0000000000000000e+00
  0.0000000000000000e+00
  1.3274920735163881e-01
  0.0000000000000000e+00
  0.0000000000000000e+00
  0.0000000000000000e+00
 -2.1520359870042349e+00
  0.0000000000000000e+00
  0.0000000000000000e+00
  0.0000000000000000e+00
  0.0000000000000000e+00
  0.0000000000000000e+00
  0.0000000000000000e+00
  0.0000000000000000e+00
  0.0000000000000000e+00
  0.0000000000000000e+00
  0.0000000000000000e+00
 -1.0026408524200983e+01
  0.0000000000000000e+00
  0.0000000000000000e+00
 -5.5665130976510691e+00
  0.0000000000000000e+00
  0.0000000000000000e+00
  2.4650337027955299e-01
  0.0000000000000000e+00
  0.0000000000000000e+00
  0.0000000000000000e+00
  2.1302922193355229e+00
  1.1468504492787159e+00
  0.0000000000000000e+00
  1.2781320384750139e+00
  2.6389710506226547e+00
 -2.1302922193355229e+00
 -1.1468504492787159e+00
  1.2781320384750139e+00
 -2.6389710506226547e+00
  2.3067787931462486e-02
  2.2043778803062827e-01
  2.3358606032432677e-01
  0.0000000000000000e+00
  0.0000000000000000e+00
 -9.9627401928041515e+00
  0.0000000000000000e+00
  0.0000000000000000e+00
 -5.4983201960520569e+00
  0.0000000000000000e+00
  0.0000000000000000e+00
  1.5984987570475126e-01
  0.0000000000000000e+00
 -5.6877081463957091e-02
  1.7443345257706373e+00
  1.0134528970821262e+00
  0.0000000000000000e+00
  2.7223806265872565e+00
 -8.3200202209095464e-02
  1.7443345257706373e+00
  1.0134528970821264e+00
 -2.7223806265872565e+00
 -8.3200202209095464e-02
  0.0000000000000000e+00
  0.0000000000000000e+00
  0.0000000000000000e+00
 -5.3960522898049508e+00
  0.0000000000000000e+00
  0.0000000000000000e+00
 -5.2947176179880513e+00
  0.0000000000000000e+00
  0.0000000000000000e+00
  0.0000000000000000e+00
  0.0000000000000000e+00
  0.0000000000000000e+00
  1.0430998889662274e-01
  0.0000000000000000e+00
  0.0000000000000000e+00
  0.0000000000000000e+00
 -2.1956744233861452e+00
  0.0000000000000000e+00
  0.0000000000000000e+00
  0.0000000000000000e+00
  0.0000000000000000e+00
  0.0000000000000000e+00
  0.0000000000000000e+00
  0.0000000000000000e+00
  0.0000000000000000e+00
  0.0000000000000000e+00
  0.0000000000000000e+00
 -5.5665130976510691e+00
  0.0000000000000000e+00
  0.0000000000000000e+00
 -5.5203261778314792e+00
  0.0000000000000000e+00
  0.0000000000000000e+00
  2.2042007701232699e-01
  0.0000000000000000e+00
  0.0000000000000000e+00
  0.0000000000000000e+00
  2.4128135417293777e+00
  1.4569231373750022e+00
  0.0000000000000000e+00
  1.5550470689138415e-01
  1.7956508064030661e+00
 -2.4128135417293777e+00
 -1.4569231373750022e+00
  1.5550470689138413e-01
 -1.7956508064030661e+00
  5.1054212598250492e-03
  1.9766454637653005e-01
  2.4218119098054006e-01
  0.0000000000000000e+00
  0.0000000000000000e+00
 -5.4983201960520569e+00
  0.0000000000000000e+00
  0.0000000000000000e+00
 -5.4300714001163195e+00
  0.0000000000000000e+00
  0.0000000000000000e+00
  1.2714704579586711e-01
  0.0000000000000000e+00
 -5.8055044057852126e-02
  1.9777436236990560e+00
  1.2819708377655874e+00
  0.0000000000000000e+00
  1.8758244476091421e+00
 -7.9179859395722119e-01
  1.9777436236990562e+00
  1.2819708377655874e+00
 -1.8758244476091421e+00
 -7.9179859395722119e-01
  0.0000000000000000e+00
  0.0000000000000000e+00
  0.0000000000000000e+00
  0.0000000000000000e+00
  0.0000000000000000e+00
  0.0000000000000000e+00
  0.0000000000000000e+00
  0.0000000000000000e+00
  0.0000000000000000e+00
 -8.4787710179203195e+00
  0.0000000000000000e+00
  0.0000000000000000e+00
  0.0000000000000000e+00
  0.0000000000000000e+00
  0.0000000000000000e+00
  0.0000000000000000e+00
  1.7928436853202561e+00
  0.0000000000000000e+00
  0.0000000000000000e+00
  0.0000000000000000e+00
  0.0000000000000000e+00
  0.0000000000000000e+00
  0.0000000000000000e+00
  0.0000000000000000e+00
  0.0000000000000000e+00
  0.0000000000000000e+00
  0.0000000000000000e+00
  2.4650337027955299e-01
  0.0000000000000000e+00
  0.0000000000000000e+00
  2.2042007701232699e-01
  0.0000000000000000e+00
  0.0000000000000000e+00
 -8.6372020989331499e+00
  0.0000000000000000e+00
  0.0000000000000000e+00
  0.0000000000000000e+00
 -9.8051897498656326e-01
 -1.7764951265289364e-01
  0.0000000000000000e+00
 -1.3999750205266839e+00
 -3.7727020577206888e-01
  9.8051897498656326e-01
  1.7764951265289364e-01
 -1.3999750205266839e+00
  3.7727020577206888e-01
 -3.5365942048892762e-04
 -1.2211709113103986e-02
 -1.2948585398046220e-02
  0.0000000000000000e+00
  0.0000000000000000e+00
  1.5984987570475126e-01
  0.0000000000000000e+00
  0.0000000000000000e+00
  1.2714704579586711e-01
  0.0000000000000000e+00
  0.0000000000000000e+00
 -8.4914276203244512e+00
  0.0000000000000000e+00
 -4.7326099362371664e-02
 -9.9645801952771951e-02
 -3.3610912909577628e-02
  0.0000000000000000e+00
 -1.2965856818035668e+00
  1.4447048623827365e+00
 -9.9645801952771951e-02
 -3.3610912909577628e-02
  1.2965856818035668e+00
  1.4447048623827365e+00
  0.0000000000000000e+00
  0.0000000000000000e+00
  0.0000000000000000e+00
  1.3274920735163881e-01
  0.0000000000000000e+00
  0.0000000000000000e+00
  1.0430998889662274e-01
  0.0000000000000000e+00
  0.0000000000000000e+00
  0.0000000000000000e+00
  0.0000000000000000e+00
  0.0000000000000000e+00
 -8.4425110119157303e+00
  0.0000000000000000e+00
  0.0000000000000000e+00
  0.0000000000000000e+00
  1.4127196176452106e+00
  0.0000000000000000e+00
  0.0000000000000000e+00
  0.0000000000000000e+00
  0.0000000000000000e+00
  0.0000000000000000e+00
  0.0000000000000000e+00
  3.0643225483004688e-03
  1.0580975204014109e-01
  1.1219450099475203e-01
  0.0000000000000000e+00
  0.0000000000000000e+00
 -5.6877081463957091e-02
  0.0000000000000000e+00
  0.0000000000000000e+00
 -5.8055044057852126e-02
  0.0000000000000000e+00
  0.0000000000000000e+00
 -4.7326099362371664e-02
  0.0000000000000000e+00
 -8.5221298527776597e+00
  6.5401690042725513e-01
  1.5628787598231719e-01
  0.0000000000000000e+00
  1.1534567698351816e-02
  1.3910305825440539e+00
  6.5401690042725513e-01
  1.5628787598231764e-01
 -1.1534567698352038e-02
  1.3910305825440539e+00
 -2.0048382711117689e+00
 -3.7728124039226709e+00
 -4.3140855043419295e+00
  0.0000000000000000e+00
  2.1302922193355229e+00
  1.7443345257706373e+00
  0.0000000000000000e+00
  2.4128135417293777e+00
  1.9777436236990560e+00
  0.0000000000000000e+00
 -9.8051897498656326e-01
 -9.9645801952771951e-02
  0.0000000000000000e+00
  6.5401690042725513e-01
 -5.4335403445546220e+00
 -4.4212665106051636e+00
  0.0000000000000000e+00
 -1.2547293610209540e+00
 -9.0902097510371016e-01
 -2.2133014095485359e+00
 -2.6552815500256575e+00
  1.5360587394542449e+00
 -3.6200731725722934e-01
 -2.1132566267698181e+00
 -3.7774240452952190e+00
 -4.3550080689850654e+00
  0.0000000000000000e+00
  1.1468504492787159e+00
  1.0134528970821262e+00
  0.0000000000000000e+00
  1.4569231373750022e+00
  1.2819708377655874e+00
  0.0000000000000000e+00
 -1.7764951265289364e-01
 -3.3610912909577628e-02
  0.0000000000000000e+00
  1.5628787598231719e-01
 -4.4212665106051636e+00
 -4.3999615423023126e+00
  0.0000000000000000e+00
 -1.0574718301119639e+00
 -7.6343534662278567e-01
 -2.6552815500256575e+00
 -3.0368372682085014e+00
  1.5471170518748827e+00
 -4.7010764670130828e-01
  0.0000000000000000e+00
  0.0000000000000000e+00
  0.0000000000000000e+00
 -2.1520359870042349e+00
  0.0000000000000000e+00
  0.0000000000000000e+00
 -2.1956744233861452e+00
  0.0000000000000000e+00
  0.0000000000000000e+00
  1.7928436853202561e+00
  0.0000000000000000e+00
  0.0000000000000000e+00
  1.4127196176452106e+00
  0.0000000000000000e+00
  0.0000000000000000e+00
  0.0000000000000000e+00
 -5.1996456907864177e+00
  0.0000000000000000e+00
  0.0000000000000000e+00
  0.0000000000000000e+00
  0.0000000000000000e+00
  0.0000000000000000e+00
  0.0000000000000000e+00
 -2.7076423934804410e+00
 -3.1340655218319715e+00
 -3.1308707228757702e+00
  0.0000000000000000e+00
  1.2781320384750139e+00
  2.7223806265872565e+00
  0.0000000000000000e+00
  1.5550470689138415e-01
  1.8758244476091421e+00
  0.0000000000000000e+00
 -1.3999750205266839e+00
 -1.2965856818035668e+00
  0.0000000000000000e+00
  1.1534567698351816e-02
 -1.2547293610209540e+00
 -1.0574718301119639e+00
  0.0000000000000000e+00
 -6.0355062479726076e+00
 -6.1334262864709199e-01
 -1.5360587394542446e+00
 -1.5471170518748825e+00
  2.1189767635297350e+00
 -3.2684749043241706e-01
 -2.0957101170462642e+00
 -2.3824804831776163e+00
 -2.3722973098012634e+00
  0.0000000000000000e+00
  2.6389710506226547e+00
 -8.3200202209095464e-02
  0.0000000000000000e+00
  1.7956508064030661e+00
 -7.9179859395722119e-01
  0.0000000000000000e+00
 -3.7727020577206888e-01
  1.4447048623827365e+00
  0.0000000000000000e+00
  1.3910305825440539e+00
 -9.0902097510371016e-01
 -7.6343534662278567e-01
  0.0000000000000000e+00
 -6.1334262864709199e-01
 -5.6747189233557771e+00
 -3.6200731725722934e-01
 -4.7010764670130817e-01
  3.2684749043241706e-01
 -4.5447067104608174e-01
 -2.0048382711117689e+00
 -3.7728124039226709e+00
 -4.3140855043419295e+00
  0.0000000000000000e+00
 -2.1302922193355229e+00
  1.7443345257706373e+00
  0.0000000000000000e+00
 -2.4128135417293777e+00
  1.9777436236990562e+00
  0.0000000000000000e+00
  9.8051897498656326e-01
 -9.9645801952771951e-02
  0.0000000000000000e+00
  6.5401690042725513e-01
 -2.2133014095485359e+00
 -2.6552815500256575e+00
  0.0000000000000000e+00
 -1.5360587394542446e+00
 -3.6200731725722934e-01
 -5.4335403445546220e+00
 -4.4212665106051636e+00
  1.2547293610209540e+00
 -9.0902097510371016e-01
 -2.1132566267698181e+00
 -3.7774240452952190e+00
 -4.3550080689850663e+00
  0.0000000000000000e+00
 -1.1468504492787159e+00
  1.0134528970821264e+00
  0.0000000000000000e+00
 -1.4569231373750022e+00
  1.2819708377655874e+00
  0.0000000000000000e+00
  1.7764951265289364e-01
 -3.3610912909577628e-02
  0.0000000000000000e+00
  1.5628787598231764e-01
 -2.6552815500256575e+00
 -3.0368372682085014e+00
  0.0000000000000000e+00
 -1.5471170518748825e+00
 -4.7010764670130817e-01
 -4.4212665106051636e+00
 -4.3999615423023126e+00
  1.0574718301119639e+00
 -7.6343534662278567e-01
  2.7076423934804410e+00
  3.1340655218319715e+00
  3.1308707228757702e+00
  0.0000000000000000e+00
  1.2781320384750139e+00
 -2.7223806265872565e+00
  0.0000000000000000e+00
  1.5550470689138413e-01
 -1.8758244476091421e+00
  0.0000000000000000e+00
 -1.3999750205266839e+00
  1.2965856818035668e+00
  0.0000000000000000e+00
 -1.1534567698352038e-02
  1.5360587394542449e+00
  1.5471170518748827e+00
  0.0000000000000000e+00
  2.1189767635297350e+00
  3.2684749043241706e-01
  1.2547293610209540e+00
  1.0574718301119639e+00
 -6.0355062479726076e+00
  6.1334262864709199e-01
 -2.0957101170462642e+00
 -2.3824804831776163e+00
 -2.3722973098012634e+00
  0.0000000000000000e+00
 -2.6389710506226547e+00
 -8.3200202209095464e-02
  0.0000000000000000e+00
 -1.7956508064030661e+00
 -7.9179859395722119e-01
  0.0000000000000000e+00
  3.7727020577206888e-01
  1.4447048623827365e+00
  0.0000000000000000e+00
  1.3910305825440539e+00
 -3.6200731725722934e-01
 -4.7010764670130828e-01
  0.0000000000000000e+00
 -3.2684749043241706e-01
 -4.5447067104608174e-01
 -9.0902097510371016e-01
 -7.6343534662278567e-01
  6.1334262864709199e-01
 -5.6747189233557771e+00
mo_1e_int_ecp
mo_1e_int_core_hamiltonian
 -3.3027459746491537e+01
  5.8136476364889500e-01
 -2.0708750472476201e-03
  1.8900957489284767e-01
 -6.2322345179939090e-16
  1.8203285667742244e-01
 -2.8298223257015582e-03
 -4.4476111047282493e-03
 -1.6253529780406609e-01
 -1.2005637965869922e-01
  4.4660730549415151e-16
  3.4779176389566820e-04
 -2.0075373922936787e-01
 -6.5239749130073940e-16
 -3.8821533164579070e-01
 -1.2654085221989371e-03
  1.3379961714724442e-02
  2.5716208262066059e-01
 -1.0653545860311289e-17
  1.5988259490650240e-16
 -1.2485514546022557e-02
  5.0241883504513668e-02
 -2.0679945652263276e-04
  5.8136476364889444e-01
 -7.8513403923233644e+00
  4.4940365939422581e-03
 -2.5229525041501444e-01
 -1.6188598119517272e-17
 -9.9305573287772797e-01
  1.2963165943802273e-02
  2.1261442089472830e-02
  7.1264578864602524e-01
  6.1736810618585797e-02
 -4.5208342506919041e-16
  1.6248718703428741e-03
  5.8022436757543927e-01
  1.9313755738093583e-15
  1.1058858600627408e+00
  3.2084848314458611e-03
 -3.1496015467122135e-02
 -5.8471962079336692e-01
  2.0203586485402438e-17
 -4.5043433319549489e-16
  2.5096658063045806e-02
 -1.6217976895118363e-01
 -2.4236978685523991e-04
 -2.0708750472478552e-03
  4.4940365939418192e-03
 -6.6739365240557698e+00
 -1.8655961728019903e-03
 -2.6687678940011098e-15
 -1.9998810936923066e-02
 -1.2453220366873252e+00
  6.4197511626499315e-01
 -1.2439472463350972e-02
  1.4982747466634888e-03
 -1.2800951681084236e-14
  1.4453661111919975e+00
 -3.4408644445444725e-03
 -2.7800357583997059e-16
 -6.3985401395387081e-03
 -1.3957383368016912e-02
 -5.3458279904376038e-01
  2.7578934641289882e-02
 -1.1126293193408322e-15
 -8.3439519082660749e-16
 -9.3795922260315329e-04
 -1.0304070350113659e-03
 -4.3959257917016520e-01
  1.8900957489284789e-01
 -2.5229525041501416e-01
 -1.8655961728027662e-03
 -6.9160119528034842e+00
 -9.0217676883936866e-16
  5.6317180134821487e-01
 -9.7007856897033309e-03
 -1.9896636344768327e-02
 -7.3239468681611175e-01
  1.7021706726042682e+00
  4.5660934362046910e-15
  2.6530195575248088e-03
  4.5804458721948371e-01
  1.4836718759988649e-15
  5.2995502883508816e-01
  1.9663170544771021e-03
  1.5905734684974075e-02
  3.4898155778178047e-01
  6.4693315719951925e-17
  1.1706292874362166e-17
  1.0923655636338837e-01
  3.0084233610215660e-01
 -2.5842620441950941e-03
 -6.2322345179939081e-16
 -1.6188598119514841e-17
 -2.6687678940011082e-15
 -9.0217676883937320e-16
 -7.0987142837550063e+00
 -2.6995441546566910e-15
  1.4551986216316022e-17
 -1.2640574810992885e-15
  3.1948596705387708e-15
 -3.4015993172260637e-15
  2.1358051720233666e+00
  2.0292591707068965e-14
  2.3562312661156329e-15
  1.7727792176234408e-02
 -9.8095336042170954e-17
 -1.9231293368614245e-15
  1.5998398006870349e-16
 -6.8309484674755926e-16
  4.6301550260193509e-02
  5.1795348208685227e-02
 -2.2246199917720788e-15
 -3.0475722030146982e-15
 -7.8181131678912543e-16
  1.8203285667742253e-01
 -9.9305573287772797e-01
 -1.9998810936924273e-02
  5.6317180134821476e-01
 -2.6995441546567001e-15
 -3.3574474452239462e+00
  7.3683010013130207e-04
  4.4681248162003966e-02
  1.0388934433786274e+00
 -4.4703772958421478e-01
  6.9227887917412306e-16
  1.8659913784213417e-02
  3.7805891471881353e-01
  1.2608197910704070e-15
  7.1500809772528728e-01
  1.7452149773661343e-03
 -4.0208760231705450e-02
 -6.0391698088239920e-01
 -2.9304259468730407e-17
 -3.7143240719109830e-16
 -1.2062900429069545e-02
 -1.0682422515912346e-01
 -2.4259874789959758e-03
 -2.8298223257010625e-03
  1.2963165943799796e-02
 -1.2453220366873310e+00
 -9.7007856897046649e-03
  1.4551986216313769e-17
  7.3683010012975990e-04
 -3.1457967583084940e+00
  1.0057917022010276e+00
 -3.8308636314882218e-02
  9.3879767870469148e-03
 -1.1960920240814248e-14
  1.1694718653698348e+00
 -6.9034480391717765e-03
 -4.7793516649397586e-16
 -1.2264615332469283e-02
 -2.2965293430935209e-02
 -5.1870846786494862e-01
  3.3830251029365536e-02
 -8.6250178016539552e-16
 -2.3227182094699645e-16
 -4.1538956772357513e-04
  1.2337054553952301e-03
 -1.6125204796483406e-01
 -4.4476111047295182e-03
  2.1261442089475800e-02
  6.4197511626498971e-01
 -1.9896636344767685e-02
 -1.2640574810992963e-15
  4.4681248162006561e-02
  1.0057917022010281e+00
 -4.0787180929008287e+00
 -1.3973620281212129e-03
  1.2446404713851167e-02
  4.3825031741288695e-15
 -3.8808293542586181e-01
  2.5839189305141286e-03
  1.2907028812596240e-16
  1.7008675328971882e-03
  3.0550267840670831e-02
  1.2748274770948325e+00
 -2.6482668914334762e-02
  1.6476590887425090e-15
  7.3934751192811778e-16
  6.1916238463298745e-03
  7.3804160399207341e-03
 -5.9968231076941159e-02
 -1.6253529780406831e-01
  7.1264578864602357e-01
 -1.2439472463353710e-02
 -7.3239468681611131e-01
  3.1948596705387731e-15
  1.0388934433786268e+00
 -3.8308636314881662e-02
 -1.3973620281210880e-03
 -4.0689123485223133e+00
  4.5068870721905963e-01
 -1.0984934089256091e-15
  8.0346455437743033e-03
  4.0445836375279681e-02
  2.6379364780560489e-16
  5.0636128501076266e-02
 -1.1515352932491008e-03
  3.8817524714763518e-02
  1.3788668017892576e+00
  2.6082619733006342e-16
  1.3755061804747578e-16
  2.5713428493226198e-01
  2.9095363088975990e-01
  2.5470102606653666e-03
 -1.2005637965869942e-01
  6.1736810618582230e-02
  1.4982747466641341e-03
  1.7021706726042702e+00
 -3.4015993172260519e-15
 -4.4703772958421328e-01
  9.3879767870467274e-03
  1.2446404713853443e-02
  4.5068870721906068e-01
 -4.7348167321971975e+00
  5.1679976415894774e-16
 -1.3281097580485346e-03
 -1.0407990629502073e-01
 -3.9761612528636918e-16
 -4.2058372052025633e-01
 -3.3878293024184325e-03
 -2.9304097057263334e-02
 -6.2635048561072248e-01
  2.1265382435208183e-17
  4.2869099821106491e-16
  8.6074456353334161e-02
 -8.7730411815124743e-01
  6.0361234966677668e-03
  4.4660730549415762e-16
 -4.5208342506920116e-16
 -1.2800951681084304e-14
  4.5660934362047020e-15
  2.1358051720233662e+00
  6.9227887917412109e-16
 -1.1960920240814270e-14
  4.3825031741288719e-15
 -1.0984934089255999e-15
  5.1679976415893709e-16
 -5.3314840045699547e+00
 -9.6059011651288525e-15
 -2.6560044296324474e-15
 -1.3701775441597946e-01
 -1.0235716732386926e-15
  3.4860840201445202e-16
 -1.0622989922227183e-14
  5.2544877805545325e-16
  3.3690002927969517e-02
 -3.0283732385592808e-02
  2.0327009901606128e-15
  8.3471409262643721e-16
 -1.1126459699117526e-14
  3.4779176389533730e-04
  1.6248718703411116e-03
  1.4453661111919978e+00
  2.6530195575251722e-03
  2.0292591707068975e-14
  1.8659913784211328e-02
  1.1694718653698353e+00
 -3.8808293542586053e-01
  8.0346455437758160e-03
 -1.3281097580482570e-03
 -9.6059011651288446e-15
 -4.3429866825213068e+00
  6.0954899405779583e-04
 -9.6601363951612557e-16
  1.9162617200613290e-03
  1.0569842060501800e-01
  1.1163506861418591e+00
 -5.6155302791452366e-02
  1.3064840399275732e-15
  3.6860407352293405e-16
  1.2399196301976778e-03
  4.7128462613162947e-03
  1.1659114742478791e+00
 -2.0075373922936637e-01
  5.8022436757543838e-01
 -3.4408644445450276e-03
  4.5804458721948499e-01
  2.3562312661156538e-15
  3.7805891471881303e-01
 -6.9034480391724808e-03
  2.5839189305150723e-03
  4.0445836375280236e-02
 -1.0407990629502561e-01
 -2.6560044296324355e-15
  6.0954899405957219e-04
 -3.5669926219058450e+00
 -1.1024394588031492e-15
 -3.7645745260796837e-01
  1.8814391323811464e-03
  1.2151091207977416e-02
  2.6469497560609945e-01
  5.0362285394555977e-16
 -3.6629952490326126e-15
 -9.2202952274687799e-01
  1.6072793217218817e-01
  8.9730310421964887e-04
 -6.5239749130073783e-16
  1.9313755738093555e-15
 -2.7800357583996852e-16
  1.4836718759988653e-15
  1.7727792176234533e-02
  1.2608197910704108e-15
 -4.7793516649398325e-16
  1.2907028812597078e-16
  2.6379364780560588e-16
 -3.9761612528636484e-16
 -1.3701775441597996e-01
 -9.6601363951612517e-16
 -1.1024394588031421e-15
 -3.2970829708719305e+00
 -1.1730425783576625e-15
 -4.8386856442258298e-16
 -5.0358937759583642e-16
  9.6037836976804919e-16
 -4.8474554062688038e-02
  8.9313330962134274e-01
 -4.6908246649577296e-15
  5.8030574258202944e-16
 -1.0354903239928381e-16
 -3.8821533164578803e-01
  1.1058858600627346e+00
 -6.3985401395420119e-03
  5.2995502883508727e-01
 -9.8095336042192204e-17
  7.1500809772529383e-01
 -1.2264615332465360e-02
  1.7008675328952436e-03
  5.0636128501086057e-02
 -4.2058372052025506e-01
 -1.0235716732385798e-15
  1.9162617200629908e-03
 -3.7645745260795599e-01
 -1.1730425783576207e-15
 -4.0374945631533414e+00
 -5.5741452417058385e-03
  1.0456855056458894e-02
  2.1147998485373509e-01
  1.9345526681820897e-16
  9.3030093452797677e-16
  3.8479079709482461e-01
  5.8620794290095102e-01
 -3.4054491613803861e-03
 -1.2654085221988705e-03
  3.2084848314472142e-03
 -1.3957383368010140e-02
  1.9663170544769355e-03
 -1.9231293368614189e-15
  1.7452149773659539e-03
 -2.2965293430936628e-02
  3.0550267840673107e-02
 -1.1515352932497946e-03
 -3.3878293024196537e-03
  3.4860840201447569e-16
  1.0569842060501972e-01
  1.8814391323795920e-03
 -4.8386856442257746e-16
 -5.5741452417025633e-03
 -2.6303597738016622e+00
 -9.3466983262678216e-02
  5.1439917378290900e-03
  4.6743089506807615e-16
  5.0235554511170167e-16
  5.5084472886277602e-03
  1.4857051536494303e-03
  1.1427446246155526e-01
  1.3379961714720934e-02
 -3.1496015467124314e-02
 -5.3458279904376349e-01
  1.5905734684973645e-02
  1.5998398006870733e-16
 -4.0208760231705346e-02
 -5.1870846786494595e-01
  1.2748274770948307e+00
  3.8817524714763116e-02
 -2.9304097057265555e-02
 -1.0622989922227113e-14
  1.1163506861418571e+00
  1.2151091207977416e-02
 -5.0358937759584076e-16
  1.0456855056463030e-02
 -9.3466983262679104e-02
 -3.6091764102338644e+00
 -3.3436210069233141e-03
  4.9387461371191205e-16
 -5.1023081345271408e-16
  1.4836601219591072e-03
  2.5579930258986305e-02
  4.7274043044706837e-01
  2.5716208262065987e-01
 -5.8471962079335615e-01
  2.7578934641289223e-02
  3.4898155778177947e-01
 -6.8309484674754181e-16
 -6.0391698088239543e-01
  3.3830251029362303e-02
 -2.6482668914330543e-02
  1.3788668017892560e+00
 -6.2635048561072471e-01
  5.2544877805544457e-16
 -5.6155302791454087e-02
  2.6469497560609834e-01
  9.6037836976805708e-16
  2.1147998485374214e-01
  5.1439917378268696e-03
 -3.3436210069199834e-03
 -3.6565798558461897e+00
 -4.1566874508530361e-18
 -1.3078812415102103e-16
  3.3467138131823893e-02
  4.8229465983200992e-01
 -2.4826028035904169e-02
 -1.0653545860312583e-17
  2.0203586485404330e-17
 -1.1126293193408324e-15
  6.4693315719952467e-17
  4.6301550260193558e-02
 -2.9304259468729871e-17
 -8.6250178016539690e-16
  1.6476590887425068e-15
  2.6082619733006332e-16
  2.1265382435208085e-17
  3.3690002927969517e-02
  1.3064840399275689e-15
  5.0362285394555858e-16
 -4.8474554062688177e-02
  1.9345526681820868e-16
  4.6743089506807714e-16
  4.9387461371191541e-16
 -4.1566874508540222e-18
 -4.3054607851428406e+00
 -1.0305160573455430e-02
 -1.6190230408971073e-16
 -2.6129386305462448e-17
  2.6715225501421665e-16
  1.5988259490650174e-16
 -4.5043433319549578e-16
 -8.3439519082660414e-16
  1.1706292874363208e-17
  5.1795348208685033e-02
 -3.7143240719109446e-16
 -2.3227182094699610e-16
  7.3934751192812015e-16
  1.3755061804747708e-16
  4.2869099821106866e-16
 -3.0283732385592517e-02
  3.6860407352293622e-16
 -3.6629952490326102e-15
  8.9313330962134274e-01
  9.3030093452798683e-16
  5.0235554511170148e-16
 -5.1023081345271211e-16
 -1.3078812415102340e-16
 -1.0305160573455013e-02
 -3.6514045343232575e+00
  1.1488998625773161e-15
 -8.3104863543910307e-17
 -8.7895033126979760e-17
 -1.2485514546022116e-02
  2.5096658063044536e-02
 -9.3795922260342390e-04
  1.0923655636338916e-01
 -2.2246199917720796e-15
 -1.2062900429066041e-02
 -4.1538956772713131e-04
  6.1916238463301521e-03
  2.5713428493226198e-01
  8.6074456353332440e-02
  2.0327009901606329e-15
  1.2399196301980386e-03
 -9.2202952274687522e-01
 -4.6908246649577225e-15
  3.8479079709482555e-01
  5.5084472886273161e-03
  1.4836601219597734e-03
  3.3467138131823559e-02
 -1.6190230408970955e-16
  1.1488998625773161e-15
 -3.3945181754069673e+00
  5.9201505092842055e-02
 -1.2945521310980812e-04
  5.0241883504519913e-02
 -1.6217976895116831e-01
 -1.0304070350116296e-03
  3.0084233610215450e-01
 -3.0475722030147120e-15
 -1.0682422515911702e-01
  1.2337054553900537e-03
  7.3804160399195129e-03
  2.9095363088977405e-01
 -8.7730411815124065e-01
  8.3471409262641906e-16
  4.7128462613152400e-03
  1.6072793217219838e-01
  5.8030574258204719e-16
  5.8620794290094469e-01
  1.4857051536527610e-03
  2.5579930258990302e-02
  4.8229465983201014e-01
 -2.6129386305460279e-17
 -8.3104863543916026e-17
  5.9201505092842277e-02
 -3.0259897389908916e+00
  4.7802297584276232e-05
 -2.0679945652195969e-04
 -2.4236978685385213e-04
 -4.3959257917016142e-01
 -2.5842620441935121e-03
 -7.8181131678912286e-16
 -2.4259874789977522e-03
 -1.6125204796482956e-01
 -5.9968231076939688e-02
  2.5470102606620498e-03
  6.0361234966692656e-03
 -1.1126459699117570e-14
  1.1659114742478891e+00
  8.9730310421853865e-04
 -1.0354903239928184e-16
 -3.4054491613846605e-03
  1.1427446246155681e-01
  4.7274043044706193e-01
 -2.4826028035895509e-02
  2.6715225501421291e-16
 -8.7895033126981535e-17
 -1.2945521310903096e-04
  4.7802297578281028e-05
 -2.8706352195285838e+00
mo_1e_int_overlap_im
mo_1e_int_kinetic_im
mo_1e_int_potential_n_e_im
mo_1e_int_ecp_im
mo_1e_int_core_hamiltonian_im
