rank_rdm_1e 2
dims_rdm_1e 0 23
dims_rdm_1e 1 23
rank_rdm_1e_up 2
dims_rdm_1e_up 0 23
dims_rdm_1e_up 1 23
rank_rdm_1e_dn 2
dims_rdm_1e_dn 0 23
dims_rdm_1e_dn 1 23
rdm_2e_cholesky_num_isSet 0 
rdm_2e_upup_cholesky_num_isSet 0 
rdm_2e_dndn_cholesky_num_isSet 0 
rdm_2e_updn_cholesky_num_isSet 0 
rdm_1e
  2.0017408168285633e+00
 -1.0885309839968630e-02
 -1.5652881820646515e-03
  7.8262355546537622e-17
  1.0815478622069905e-04
 -6.7251790451799591e-03
  2.3988403183420673e-18
 -3.7439300907383359e-05
  2.2826363092395764e-03
  9.1633922915683194e-19
 -3.5473256239319440e-06
  7.6781688751211577e-05
 -1.5512289701932038e-18
 -2.4210422945732170e-04
 -4.7351321129456107e-03
  3.2116126647265954e-03
  2.2934350491442833e-18
 -1.6141899267576372e-03
 -1.3330971253906747e-03
 -4.6511882365924684e-03
  3.2012133602754827e-03
  1.6269317696595241e-03
 -1.3404644338202341e-03
 -1.0885309839968630e-02
  1.6910333351250102e+00
 -1.0668621591851607e-01
  4.4392374747430635e-16
  7.0083877825949395e-05
  2.7029322292831326e-01
  3.5818669759275959e-17
  1.2314518861849256e-04
  1.1463569972052180e-01
  1.6797266578417972e-18
  8.4696576144462126e-05
 -8.5068692352511209e-03
 -5.7146112974986855e-18
 -2.6229739188166623e-03
  3.6595241731504108e-01
 -1.8916169318964213e-01
  9.2171604897261843e-18
  4.6224822718623028e-02
  4.0107094069081591e-02
  3.6377687888386584e-01
 -1.8985539544564126e-01
 -4.6187081465227403e-02
  4.0373366685508789e-02
 -1.5652881820646515e-03
 -1.0668621591851607e-01
  9.5824231220509801e-02
 -2.9867540131214734e-16
 -1.4644306089309290e-03
  3.1583961777350850e-01
 -6.8594543039687787e-18
  5.8767628354990239e-04
 -1.6670527152468313e-02
 -6.3652583847531082e-19
  1.7024595307603012e-04
 -6.9042650401642570e-03
  1.2214386299177778e-17
  2.4504380879850295e-03
 -2.0650457688805229e-01
  8.6680798981933288e-02
 -1.1881694199308560e-17
 -2.0662798007576415e-02
 -2.1661123794087613e-03
 -2.1121421594990120e-01
  8.8315477859378780e-02
  2.0874220715635706e-02
 -2.3048179808736820e-03
  7.8262355546537622e-17
  4.4392374747430635e-16
 -2.9867540131214734e-16
  1.6951105162841498e+00
  4.1020097676866294e-16
  8.5156534094990637e-17
  1.5524257902390876e-01
  5.5719056272620516e-16
 -3.1166813777588900e-16
  4.6478657351304176e-03
 -3.0524353283046706e-16
  1.0139933734644319e-16
 -3.7801557164398571e-02
 -2.4705319468795377e-17
  9.4544118185442308e-16
  5.6188030520831451e-16
  5.4066071351949262e-02
 -2.0755248299765748e-17
  2.1902267409153491e-16
 -8.6599503608334463e-16
 -5.4773686199679734e-16
  3.8725929746107034e-16
 -3.9892035096421602e-17
  1.0815478622069905e-04
  7.0083877825949395e-05
 -1.4644306089309290e-03
  4.1020097676866294e-16
  1.0168257209401705e+00
  2.9751158535433627e-03
 -8.9397286771735498e-17
 -1.5312478438915184e-01
  7.3381826686873947e-04
 -6.7482630041415091e-18
 -3.8493401597069182e-02
 -1.4585228129731606e-04
 -1.6240612379224202e-16
 -4.7311847782706835e-04
 -7.9560921731362300e-01
  2.7062868996032885e-01
  3.7474224810494637e-17
 -3.3477679620139610e-02
 -4.6273562087550769e-02
  8.0149534812814749e-01
 -2.7338332806508764e-01
 -3.3182240985954119e-02
  4.6952061797066076e-02
 -6.7251790451799591e-03
  2.7029322292831326e-01
  3.1583961777350850e-01
  8.5156534094990637e-17
  2.9751158535433627e-03
  1.2871103663527823e+00
  8.1404217870905924e-17
  9.7671329980956708e-04
 -1.6932592378184438e-02
  1.0341086956991971e-18
  3.5092127123880477e-04
 -2.9164910082513689e-02
  1.9240411342184479e-17
  8.1143936437554839e-03
 -6.3345694117901319e-01
  2.5130867688984043e-01
 -7.8383221981006543e-18
 -5.9202822620936853e-02
  7.3866310506308834e-03
 -6.3869166093068630e-01
  2.5263803729282464e-01
  5.9455842317670496e-02
  7.7455631519809717e-03
  2.3988403183420673e-18
  3.5818669759275959e-17
 -6.8594543039687787e-18
  1.5524257902390876e-01
 -8.9397286771735498e-17
  8.1404217870905924e-17
  1.4217514498597239e-02
  7.0232642708132447e-17
 -3.1087488947934587e-17
  4.2566349317459449e-04
 -2.3121801045891725e-17
  7.6582638607556481e-18
 -3.4619637887593827e-03
 -1.6826200762399214e-18
  1.4345343160328790e-16
  3.5071187443287370e-17
  4.9515098123314935e-03
 -1.8448792583685005e-18
  2.5791161926366560e-17
 -2.2242940449032935e-16
  1.5604942710240090e-18
  4.3760010045961698e-17
 -9.5594276028539156e-18
 -3.7439300907383359e-05
  1.2314518861849256e-04
  5.8767628354990239e-04
  5.5719056272620516e-16
 -1.5312478438915184e-01
  9.7671329980956708e-04
  7.0232642708132447e-17
  2.3060805693985414e-02
 -1.4124213050397706e-04
  2.7142551378583604e-18
  5.7972732772902892e-03
 -1.0077271088802943e-05
  1.0677731754353062e-17
  8.0670877655305987e-05
  1.1906250524654548e-01
 -4.0452471621116814e-02
  1.4087253748490342e-17
  4.9700847220776508e-03
  6.9728134988878308e-03
 -1.2145798585619359e-01
  4.1474194299160098e-02
  5.0687992716742418e-03
 -7.0660537896988203e-03
  2.2826363092395764e-03
  1.1463569972052180e-01
 -1.6670527152468313e-02
 -3.1166813777588900e-16
  7.3381826686873947e-04
 -1.6932592378184438e-02
 -3.1087488947934587e-17
 -1.4124213050397706e-04
  8.7752340899755529e-03
 -8.4909018534694441e-19
 -3.4597518061134140e-05
  2.1120241802301550e-04
  6.5316954308849397e-18
 -4.2039781235287879e-04
  4.3777716841911465e-02
 -2.0582776602579917e-02
 -9.9798876540800049e-18
  4.9920677709364763e-03
  2.6526744507623448e-03
  4.5045640754283349e-02
 -2.1105551787190414e-02
 -5.0497815049466320e-03
  2.7362809694235469e-03
  9.1633922915683194e-19
  1.6797266578417972e-18
 -6.3652583847531082e-19
  4.6478657351304176e-03
 -6.7482630041415091e-18
  1.0341086956991971e-18
  4.2566349317459449e-04
  2.7142551378583604e-18
 -8.4909018534694441e-19
  1.2744098797259884e-05
 -5.3861507624936990e-19
  2.6004099381450094e-19
 -1.0364903089866147e-04
 -5.9731072546642659e-20
  8.4353414128510312e-18
 -4.3628323203729026e-19
  1.4824510735777740e-04
  1.7432612319677653e-19
  9.7010309600313093e-19
 -8.9038499614871610e-18
  7.3502950578602076e-19
  1.3470152585883663e-18
 -4.6154949535255031e-19
 -3.5473256239319440e-06
  8.4696576144462126e-05
  1.7024595307603012e-04
 -3.0524353283046706e-16
 -3.8493401597069182e-02
  3.5092127123880477e-04
 -2.3121801045891725e-17
  5.7972732772902892e-03
 -3.4597518061134140e-05
 -5.3861507624936990e-19
  1.4573901486641787e-03
 -4.9676744030516795e-06
  1.2616635993189251e-17
  2.0859612693802196e-05
  2.9888575033722605e-02
 -1.0153331845590171e-02
 -1.0662993575365261e-17
  1.2456982243258070e-03
  1.7542241388093180e-03
 -3.0575684838648459e-02
  1.0442086184404046e-02
  1.2779707574149238e-03
 -1.7749365399396895e-03
  7.6781688751211577e-05
 -8.5068692352511209e-03
 -6.9042650401642570e-03
  1.0139933734644319e-16
 -1.4585228129731606e-04
 -2.9164910082513689e-02
  7.6582638607556481e-18
 -1.0077271088802943e-05
  2.1120241802301550e-04
  2.6004099381450094e-19
 -4.9676744030516795e-06
  6.6433665507121241e-04
 -2.7279391376742236e-18
 -1.7750994524695399e-04
  1.3688393912626769e-02
 -5.3629705810657076e-03
  3.4754003251672210e-18
  1.2586534758390379e-03
 -2.1992294014081386e-04
  1.3684110289581526e-02
 -5.3492786599683723e-03
 -1.2591699711983165e-03
 -2.3559923357287490e-04
 -1.5512289701932038e-18
 -5.7146112974986855e-18
  1.2214386299177778e-17
 -3.7801557164398571e-02
 -1.6240612379224202e-16
  1.9240411342184479e-17
 -3.4619637887593827e-03
  1.0677731754353062e-17
  6.5316954308849397e-18
 -1.0364903089866147e-04
  1.2616635993189251e-17
 -2.7279391376742236e-18
  8.4298794109643647e-04
  7.5922689449797151e-19
  8.8143066571753884e-17
 -4.9067690862079559e-17
 -1.2056922939427772e-03
  4.5049782716229630e-18
  2.2082099513002498e-18
 -1.1234699570483343e-16
  5.7721267667512959e-17
 -2.6234686227783778e-18
 -6.0677063931555531e-18
 -2.4210422945732170e-04
 -2.6229739188166623e-03
  2.4504380879850295e-03
 -2.4705319468795377e-17
 -4.7311847782706835e-04
  8.1143936437554839e-03
 -1.6826200762399214e-18
  8.0670877655305987e-05
 -4.2039781235287879e-04
 -5.9731072546642659e-20
  2.0859612693802196e-05
 -1.7750994524695399e-04
  7.5922689449797151e-19
  6.2876985480827909e-05
 -4.9288678653926117e-03
  2.0935737790736000e-03
 -8.5912061126640220e-19
 -5.1219612626497463e-04
 -3.2942319056236967e-05
 -5.7338981583934046e-03
  2.3684712562622146e-03
  5.4617210694369916e-04
 -7.6414314115459843e-05
 -4.7351321129456107e-03
  3.6595241731504108e-01
 -2.0650457688805229e-01
  9.4544118185442308e-16
 -7.9560921731362300e-01
 -6.3345694117901319e-01
  1.4345343160328790e-16
  1.1906250524654548e-01
  4.3777716841911465e-02
  8.4353414128510312e-18
  2.9888575033722605e-02
  1.3688393912626769e-02
  8.8143066571753884e-17
 -4.9288678653926117e-03
  1.0840904771922859e+00
 -4.0835968988352372e-01
  1.5454422586087551e-17
  7.3068699875389054e-02
  4.4274775007855989e-02
 -1.6075842894527229e-01
  1.5479468727483476e-02
 -2.1146592269605077e-02
 -2.8637521624225924e-02
  3.2116126647265954e-03
 -1.8916169318964213e-01
  8.6680798981933288e-02
  5.6188030520831451e-16
  2.7062868996032885e-01
  2.5130867688984043e-01
  3.5071187443287370e-17
 -4.0452471621116814e-02
 -2.0582776602579917e-02
 -4.3628323203729026e-19
 -1.0153331845590171e-02
 -5.3629705810657076e-03
 -4.9067690862079559e-17
  2.0935737790736000e-03
 -4.0835968988352372e-01
  1.5656496516497692e-01
  2.2745626524138549e-17
 -2.9092129437449470e-02
 -1.6553898087362670e-02
  1.4812235791588226e-02
  1.2532361329183674e-02
  1.1445457005561694e-02
  8.2391296326608868e-03
  2.2934350491442833e-18
  9.2171604897261843e-18
 -1.1881694199308560e-17
  5.4066071351949262e-02
  3.7474224810494637e-17
 -7.8383221981006543e-18
  4.9515098123314935e-03
  1.4087253748490342e-17
 -9.9798876540800049e-18
  1.4824510735777740e-04
 -1.0662993575365261e-17
  3.4754003251672210e-18
 -1.2056922939427772e-03
 -8.5912061126640220e-19
  1.5454422586087551e-17
  2.2745626524138549e-17
  1.7244539771022606e-03
 -1.0741805487758286e-18
  5.7499297311509431e-18
 -3.9297728514680855e-18
 -2.5717261300874985e-17
  1.1161343131566162e-17
 -2.7312910668133745e-19
 -1.6141899267576372e-03
  4.6224822718623028e-02
 -2.0662798007576415e-02
 -2.0755248299765748e-17
 -3.3477679620139610e-02
 -5.9202822620936853e-02
 -1.8448792583685005e-18
  4.9700847220776508e-03
  4.9920677709364763e-03
  1.7432612319677653e-19
  1.2456982243258070e-03
  1.2586534758390379e-03
  4.5049782716229630e-18
 -5.1219612626497463e-04
  7.3068699875389054e-02
 -2.9092129437449470e-02
 -1.0741805487758286e-18
  5.9216370004146262e-03
  2.5614370406148597e-03
  2.0933808431908785e-02
 -1.1360971122305464e-02
 -3.7493944478662888e-03
 -5.0316704164233607e-04
 -1.3330971253906747e-03
  4.0107094069081591e-02
 -2.1661123794087613e-03
  2.1902267409153491e-16
 -4.6273562087550769e-02
  7.3866310506308834e-03
  2.5791161926366560e-17
  6.9728134988878308e-03
  2.6526744507623448e-03
  9.7010309600313093e-19
  1.7542241388093180e-03
 -2.1992294014081386e-04
  2.2082099513002498e-18
 -3.2942319056236967e-05
  4.4274775007855989e-02
 -1.6553898087362670e-02
  5.7499297311509431e-18
  2.5614370406148597e-03
  3.0587615399416505e-03
 -2.8468696327094832e-02
  8.1900323915948727e-03
  4.7349988376495716e-04
 -1.1775255704358195e-03
 -4.6511882365924684e-03
  3.6377687888386584e-01
 -2.1121421594990120e-01
 -8.6599503608334463e-16
  8.0149534812814749e-01
 -6.3869166093068630e-01
 -2.2242940449032935e-16
 -1.2145798585619359e-01
  4.5045640754283349e-02
 -8.9038499614871610e-18
 -3.0575684838648459e-02
  1.3684110289581526e-02
 -1.1234699570483343e-16
 -5.7338981583934046e-03
 -1.6075842894527229e-01
  1.4812235791588226e-02
 -3.9297728514680855e-18
  2.0933808431908785e-02
 -2.8468696327094832e-02
  1.1030040477632292e+00
 -4.1583798907949415e-01
 -7.3716335373796807e-02
  4.5045638748929681e-02
  3.2012133602754827e-03
 -1.8985539544564126e-01
  8.8315477859378780e-02
 -5.4773686199679734e-16
 -2.7338332806508764e-01
  2.5263803729282464e-01
  1.5604942710240090e-18
  4.1474194299160098e-02
 -2.1105551787190414e-02
  7.3502950578602076e-19
  1.0442086184404046e-02
 -5.3492786599683723e-03
  5.7721267667512959e-17
  2.3684712562622146e-03
  1.5479468727483476e-02
  1.2532361329183674e-02
 -2.5717261300874985e-17
 -1.1360971122305464e-02
  8.1900323915948727e-03
 -4.1583798907949415e-01
  1.5955929218350387e-01
  2.9379086337036009e-02
 -1.6893581778212270e-02
  1.6269317696595241e-03
 -4.6187081465227403e-02
  2.0874220715635706e-02
  3.8725929746107034e-16
 -3.3182240985954119e-02
  5.9455842317670496e-02
  4.3760010045961698e-17
  5.0687992716742418e-03
 -5.0497815049466320e-03
  1.3470152585883663e-18
  1.2779707574149238e-03
 -1.2591699711983165e-03
 -2.6234686227783778e-18
  5.4617210694369916e-04
 -2.1146592269605077e-02
  1.1445457005561694e-02
  1.1161343131566162e-17
 -3.7493944478662888e-03
  4.7349988376495716e-04
 -7.3716335373796807e-02
  2.9379086337036009e-02
  5.9473260891896081e-03
 -2.5734547950812545e-03
 -1.3404644338202341e-03
  4.0373366685508789e-02
 -2.3048179808736820e-03
 -3.9892035096421602e-17
  4.6952061797066076e-02
  7.7455631519809717e-03
 -9.5594276028539156e-18
 -7.0660537896988203e-03
  2.7362809694235469e-03
 -4.6154949535255031e-19
 -1.7749365399396895e-03
 -2.3559923357287490e-04
 -6.0677063931555531e-18
 -7.6414314115459843e-05
 -2.8637521624225924e-02
  8.2391296326608868e-03
 -2.7312910668133745e-19
 -5.0316704164233607e-04
 -1.1775255704358195e-03
  4.5045638748929681e-02
 -1.6893581778212270e-02
 -2.5734547950812545e-03
  3.1334330461063541e-03
rdm_1e_up
  2.0017408168285633e+00
 -1.0885309839968630e-02
 -1.5652881820646515e-03
  7.8262355546537622e-17
  1.0815478622069905e-04
 -6.7251790451799591e-03
  2.3988403183420673e-18
 -3.7439300907383359e-05
  2.2826363092395764e-03
  9.1633922915683194e-19
 -3.5473256239319440e-06
  7.6781688751211577e-05
 -1.5512289701932038e-18
 -2.4210422945732170e-04
 -4.7351321129456107e-03
  3.2116126647265954e-03
  2.2934350491442833e-18
 -1.6141899267576372e-03
 -1.3330971253906747e-03
 -4.6511882365924684e-03
  3.2012133602754827e-03
  1.6269317696595241e-03
 -1.3404644338202341e-03
 -1.0885309839968630e-02
  1.6910333351250102e+00
 -1.0668621591851607e-01
  4.4392374747430635e-16
  7.0083877825949395e-05
  2.7029322292831326e-01
  3.5818669759275959e-17
  1.2314518861849256e-04
  1.1463569972052180e-01
  1.6797266578417972e-18
  8.4696576144462126e-05
 -8.5068692352511209e-03
 -5.7146112974986855e-18
 -2.6229739188166623e-03
  3.6595241731504108e-01
 -1.8916169318964213e-01
  9.2171604897261843e-18
  4.6224822718623028e-02
  4.0107094069081591e-02
  3.6377687888386584e-01
 -1.8985539544564126e-01
 -4.6187081465227403e-02
  4.0373366685508789e-02
 -1.5652881820646515e-03
 -1.0668621591851607e-01
  9.5824231220509801e-02
 -2.9867540131214734e-16
 -1.4644306089309290e-03
  3.1583961777350850e-01
 -6.8594543039687787e-18
  5.8767628354990239e-04
 -1.6670527152468313e-02
 -6.3652583847531082e-19
  1.7024595307603012e-04
 -6.9042650401642570e-03
  1.2214386299177778e-17
  2.4504380879850295e-03
 -2.0650457688805229e-01
  8.6680798981933288e-02
 -1.1881694199308560e-17
 -2.0662798007576415e-02
 -2.1661123794087613e-03
 -2.1121421594990120e-01
  8.8315477859378780e-02
  2.0874220715635706e-02
 -2.3048179808736820e-03
  7.8262355546537622e-17
  4.4392374747430635e-16
 -2.9867540131214734e-16
  1.6951105162841498e+00
  4.1020097676866294e-16
  8.5156534094990637e-17
  1.5524257902390876e-01
  5.5719056272620516e-16
 -3.1166813777588900e-16
  4.6478657351304176e-03
 -3.0524353283046706e-16
  1.0139933734644319e-16
 -3.7801557164398571e-02
 -2.4705319468795377e-17
  9.4544118185442308e-16
  5.6188030520831451e-16
  5.4066071351949262e-02
 -2.0755248299765748e-17
  2.1902267409153491e-16
 -8.6599503608334463e-16
 -5.4773686199679734e-16
  3.8725929746107034e-16
 -3.9892035096421602e-17
  1.0815478622069905e-04
  7.0083877825949395e-05
 -1.4644306089309290e-03
  4.1020097676866294e-16
  1.0168257209401705e+00
  2.9751158535433627e-03
 -8.9397286771735498e-17
 -1.5312478438915184e-01
  7.3381826686873947e-04
 -6.7482630041415091e-18
 -3.8493401597069182e-02
 -1.4585228129731606e-04
 -1.6240612379224202e-16
 -4.7311847782706835e-04
 -7.9560921731362300e-01
  2.7062868996032885e-01
  3.7474224810494637e-17
 -3.3477679620139610e-02
 -4.6273562087550769e-02
  8.0149534812814749e-01
 -2.7338332806508764e-01
 -3.3182240985954119e-02
  4.6952061797066076e-02
 -6.7251790451799591e-03
  2.7029322292831326e-01
  3.1583961777350850e-01
  8.5156534094990637e-17
  2.9751158535433627e-03
  1.2871103663527823e+00
  8.1404217870905924e-17
  9.7671329980956708e-04
 -1.6932592378184438e-02
  1.0341086956991971e-18
  3.5092127123880477e-04
 -2.9164910082513689e-02
  1.9240411342184479e-17
  8.1143936437554839e-03
 -6.3345694117901319e-01
  2.5130867688984043e-01
 -7.8383221981006543e-18
 -5.9202822620936853e-02
  7.3866310506308834e-03
 -6.3869166093068630e-01
  2.5263803729282464e-01
  5.9455842317670496e-02
  7.7455631519809717e-03
  2.3988403183420673e-18
  3.5818669759275959e-17
 -6.8594543039687787e-18
  1.5524257902390876e-01
 -8.9397286771735498e-17
  8.1404217870905924e-17
  1.4217514498597239e-02
  7.0232642708132447e-17
 -3.1087488947934587e-17
  4.2566349317459449e-04
 -2.3121801045891725e-17
  7.6582638607556481e-18
 -3.4619637887593827e-03
 -1.6826200762399214e-18
  1.4345343160328790e-16
  3.5071187443287370e-17
  4.9515098123314935e-03
 -1.8448792583685005e-18
  2.5791161926366560e-17
 -2.2242940449032935e-16
  1.5604942710240090e-18
  4.3760010045961698e-17
 -9.5594276028539156e-18
 -3.7439300907383359e-05
  1.2314518861849256e-04
  5.8767628354990239e-04
  5.5719056272620516e-16
 -1.5312478438915184e-01
  9.7671329980956708e-04
  7.0232642708132447e-17
  2.3060805693985414e-02
 -1.4124213050397706e-04
  2.7142551378583604e-18
  5.7972732772902892e-03
 -1.0077271088802943e-05
  1.0677731754353062e-17
  8.0670877655305987e-05
  1.1906250524654548e-01
 -4.0452471621116814e-02
  1.4087253748490342e-17
  4.9700847220776508e-03
  6.9728134988878308e-03
 -1.2145798585619359e-01
  4.1474194299160098e-02
  5.0687992716742418e-03
 -7.0660537896988203e-03
  2.2826363092395764e-03
  1.1463569972052180e-01
 -1.6670527152468313e-02
 -3.1166813777588900e-16
  7.3381826686873947e-04
 -1.6932592378184438e-02
 -3.1087488947934587e-17
 -1.4124213050397706e-04
  8.7752340899755529e-03
 -8.4909018534694441e-19
 -3.4597518061134140e-05
  2.1120241802301550e-04
  6.5316954308849397e-18
 -4.2039781235287879e-04
  4.3777716841911465e-02
 -2.0582776602579917e-02
 -9.9798876540800049e-18
  4.9920677709364763e-03
  2.6526744507623448e-03
  4.5045640754283349e-02
 -2.1105551787190414e-02
 -5.0497815049466320e-03
  2.7362809694235469e-03
  9.1633922915683194e-19
  1.6797266578417972e-18
 -6.3652583847531082e-19
  4.6478657351304176e-03
 -6.7482630041415091e-18
  1.0341086956991971e-18
  4.2566349317459449e-04
  2.7142551378583604e-18
 -8.4909018534694441e-19
  1.2744098797259884e-05
 -5.3861507624936990e-19
  2.6004099381450094e-19
 -1.0364903089866147e-04
 -5.9731072546642659e-20
  8.4353414128510312e-18
 -4.3628323203729026e-19
  1.4824510735777740e-04
  1.7432612319677653e-19
  9.7010309600313093e-19
 -8.9038499614871610e-18
  7.3502950578602076e-19
  1.3470152585883663e-18
 -4.6154949535255031e-19
 -3.5473256239319440e-06
  8.4696576144462126e-05
  1.7024595307603012e-04
 -3.0524353283046706e-16
 -3.8493401597069182e-02
  3.5092127123880477e-04
 -2.3121801045891725e-17
  5.7972732772902892e-03
 -3.4597518061134140e-05
 -5.3861507624936990e-19
  1.4573901486641787e-03
 -4.9676744030516795e-06
  1.2616635993189251e-17
  2.0859612693802196e-05
  2.9888575033722605e-02
 -1.0153331845590171e-02
 -1.0662993575365261e-17
  1.2456982243258070e-03
  1.7542241388093180e-03
 -3.0575684838648459e-02
  1.0442086184404046e-02
  1.2779707574149238e-03
 -1.7749365399396895e-03
  7.6781688751211577e-05
 -8.5068692352511209e-03
 -6.9042650401642570e-03
  1.0139933734644319e-16
 -1.4585228129731606e-04
 -2.9164910082513689e-02
  7.6582638607556481e-18
 -1.0077271088802943e-05
  2.1120241802301550e-04
  2.6004099381450094e-19
 -4.9676744030516795e-06
  6.6433665507121241e-04
 -2.7279391376742236e-18
 -1.7750994524695399e-04
  1.3688393912626769e-02
 -5.3629705810657076e-03
  3.4754003251672210e-18
  1.2586534758390379e-03
 -2.1992294014081386e-04
  1.3684110289581526e-02
 -5.3492786599683723e-03
 -1.2591699711983165e-03
 -2.3559923357287490e-04
 -1.5512289701932038e-18
 -5.7146112974986855e-18
  1.2214386299177778e-17
 -3.7801557164398571e-02
 -1.6240612379224202e-16
  1.9240411342184479e-17
 -3.4619637887593827e-03
  1.0677731754353062e-17
  6.5316954308849397e-18
 -1.0364903089866147e-04
  1.2616635993189251e-17
 -2.7279391376742236e-18
  8.4298794109643647e-04
  7.5922689449797151e-19
  8.8143066571753884e-17
 -4.9067690862079559e-17
 -1.2056922939427772e-03
  4.5049782716229630e-18
  2.2082099513002498e-18
 -1.1234699570483343e-16
  5.7721267667512959e-17
 -2.6234686227783778e-18
 -6.0677063931555531e-18
 -2.4210422945732170e-04
 -2.6229739188166623e-03
  2.4504380879850295e-03
 -2.4705319468795377e-17
 -4.7311847782706835e-04
  8.1143936437554839e-03
 -1.6826200762399214e-18
  8.0670877655305987e-05
 -4.2039781235287879e-04
 -5.9731072546642659e-20
  2.0859612693802196e-05
 -1.7750994524695399e-04
  7.5922689449797151e-19
  6.2876985480827909e-05
 -4.9288678653926117e-03
  2.0935737790736000e-03
 -8.5912061126640220e-19
 -5.1219612626497463e-04
 -3.2942319056236967e-05
 -5.7338981583934046e-03
  2.3684712562622146e-03
  5.4617210694369916e-04
 -7.6414314115459843e-05
 -4.7351321129456107e-03
  3.6595241731504108e-01
 -2.0650457688805229e-01
  9.4544118185442308e-16
 -7.9560921731362300e-01
 -6.3345694117901319e-01
  1.4345343160328790e-16
  1.1906250524654548e-01
  4.3777716841911465e-02
  8.4353414128510312e-18
  2.9888575033722605e-02
  1.3688393912626769e-02
  8.8143066571753884e-17
 -4.9288678653926117e-03
  1.0840904771922859e+00
 -4.0835968988352372e-01
  1.5454422586087551e-17
  7.3068699875389054e-02
  4.4274775007855989e-02
 -1.6075842894527229e-01
  1.5479468727483476e-02
 -2.1146592269605077e-02
 -2.8637521624225924e-02
  3.2116126647265954e-03
 -1.8916169318964213e-01
  8.6680798981933288e-02
  5.6188030520831451e-16
  2.7062868996032885e-01
  2.5130867688984043e-01
  3.5071187443287370e-17
 -4.0452471621116814e-02
 -2.0582776602579917e-02
 -4.3628323203729026e-19
 -1.0153331845590171e-02
 -5.3629705810657076e-03
 -4.9067690862079559e-17
  2.0935737790736000e-03
 -4.0835968988352372e-01
  1.5656496516497692e-01
  2.2745626524138549e-17
 -2.9092129437449470e-02
 -1.6553898087362670e-02
  1.4812235791588226e-02
  1.2532361329183674e-02
  1.1445457005561694e-02
  8.2391296326608868e-03
  2.2934350491442833e-18
  9.2171604897261843e-18
 -1.1881694199308560e-17
  5.4066071351949262e-02
  3.7474224810494637e-17
 -7.8383221981006543e-18
  4.9515098123314935e-03
  1.4087253748490342e-17
 -9.9798876540800049e-18
  1.4824510735777740e-04
 -1.0662993575365261e-17
  3.4754003251672210e-18
 -1.2056922939427772e-03
 -8.5912061126640220e-19
  1.5454422586087551e-17
  2.2745626524138549e-17
  1.7244539771022606e-03
 -1.0741805487758286e-18
  5.7499297311509431e-18
 -3.9297728514680855e-18
 -2.5717261300874985e-17
  1.1161343131566162e-17
 -2.7312910668133745e-19
 -1.6141899267576372e-03
  4.6224822718623028e-02
 -2.0662798007576415e-02
 -2.0755248299765748e-17
 -3.3477679620139610e-02
 -5.9202822620936853e-02
 -1.8448792583685005e-18
  4.9700847220776508e-03
  4.9920677709364763e-03
  1.7432612319677653e-19
  1.2456982243258070e-03
  1.2586534758390379e-03
  4.5049782716229630e-18
 -5.1219612626497463e-04
  7.3068699875389054e-02
 -2.9092129437449470e-02
 -1.0741805487758286e-18
  5.9216370004146262e-03
  2.5614370406148597e-03
  2.0933808431908785e-02
 -1.1360971122305464e-02
 -3.7493944478662888e-03
 -5.0316704164233607e-04
 -1.3330971253906747e-03
  4.0107094069081591e-02
 -2.1661123794087613e-03
  2.1902267409153491e-16
 -4.6273562087550769e-02
  7.3866310506308834e-03
  2.5791161926366560e-17
  6.9728134988878308e-03
  2.6526744507623448e-03
  9.7010309600313093e-19
  1.7542241388093180e-03
 -2.1992294014081386e-04
  2.2082099513002498e-18
 -3.2942319056236967e-05
  4.4274775007855989e-02
 -1.6553898087362670e-02
  5.7499297311509431e-18
  2.5614370406148597e-03
  3.0587615399416505e-03
 -2.8468696327094832e-02
  8.1900323915948727e-03
  4.7349988376495716e-04
 -1.1775255704358195e-03
 -4.6511882365924684e-03
  3.6377687888386584e-01
 -2.1121421594990120e-01
 -8.6599503608334463e-16
  8.0149534812814749e-01
 -6.3869166093068630e-01
 -2.2242940449032935e-16
 -1.2145798585619359e-01
  4.5045640754283349e-02
 -8.9038499614871610e-18
 -3.0575684838648459e-02
  1.3684110289581526e-02
 -1.1234699570483343e-16
 -5.7338981583934046e-03
 -1.6075842894527229e-01
  1.4812235791588226e-02
 -3.9297728514680855e-18
  2.0933808431908785e-02
 -2.8468696327094832e-02
  1.1030040477632292e+00
 -4.1583798907949415e-01
 -7.3716335373796807e-02
  4.5045638748929681e-02
  3.2012133602754827e-03
 -1.8985539544564126e-01
  8.8315477859378780e-02
 -5.4773686199679734e-16
 -2.7338332806508764e-01
  2.5263803729282464e-01
  1.5604942710240090e-18
  4.1474194299160098e-02
 -2.1105551787190414e-02
  7.3502950578602076e-19
  1.0442086184404046e-02
 -5.3492786599683723e-03
  5.7721267667512959e-17
  2.3684712562622146e-03
  1.5479468727483476e-02
  1.2532361329183674e-02
 -2.5717261300874985e-17
 -1.1360971122305464e-02
  8.1900323915948727e-03
 -4.1583798907949415e-01
  1.5955929218350387e-01
  2.9379086337036009e-02
 -1.6893581778212270e-02
  1.6269317696595241e-03
 -4.6187081465227403e-02
  2.0874220715635706e-02
  3.8725929746107034e-16
 -3.3182240985954119e-02
  5.9455842317670496e-02
  4.3760010045961698e-17
  5.0687992716742418e-03
 -5.0497815049466320e-03
  1.3470152585883663e-18
  1.2779707574149238e-03
 -1.2591699711983165e-03
 -2.6234686227783778e-18
  5.4617210694369916e-04
 -2.1146592269605077e-02
  1.1445457005561694e-02
  1.1161343131566162e-17
 -3.7493944478662888e-03
  4.7349988376495716e-04
 -7.3716335373796807e-02
  2.9379086337036009e-02
  5.9473260891896081e-03
 -2.5734547950812545e-03
 -1.3404644338202341e-03
  4.0373366685508789e-02
 -2.3048179808736820e-03
 -3.9892035096421602e-17
  4.6952061797066076e-02
  7.7455631519809717e-03
 -9.5594276028539156e-18
 -7.0660537896988203e-03
  2.7362809694235469e-03
 -4.6154949535255031e-19
 -1.7749365399396895e-03
 -2.3559923357287490e-04
 -6.0677063931555531e-18
 -7.6414314115459843e-05
 -2.8637521624225924e-02
  8.2391296326608868e-03
 -2.7312910668133745e-19
 -5.0316704164233607e-04
 -1.1775255704358195e-03
  4.5045638748929681e-02
 -1.6893581778212270e-02
 -2.5734547950812545e-03
  3.1334330461063541e-03
rdm_1e_dn
  2.0017408168285633e+00
 -1.0885309839968630e-02
 -1.5652881820646515e-03
  7.8262355546537622e-17
  1.0815478622069905e-04
 -6.7251790451799591e-03
  2.3988403183420673e-18
 -3.7439300907383359e-05
  2.2826363092395764e-03
  9.1633922915683194e-19
 -3.5473256239319440e-06
  7.6781688751211577e-05
 -1.5512289701932038e-18
 -2.4210422945732170e-04
 -4.7351321129456107e-03
  3.2116126647265954e-03
  2.2934350491442833e-18
 -1.6141899267576372e-03
 -1.3330971253906747e-03
 -4.6511882365924684e-03
  3.2012133602754827e-03
  1.6269317696595241e-03
 -1.3404644338202341e-03
 -1.0885309839968630e-02
  1.6910333351250102e+00
 -1.0668621591851607e-01
  4.4392374747430635e-16
  7.0083877825949395e-05
  2.7029322292831326e-01
  3.5818669759275959e-17
  1.2314518861849256e-04
  1.1463569972052180e-01
  1.6797266578417972e-18
  8.4696576144462126e-05
 -8.5068692352511209e-03
 -5.7146112974986855e-18
 -2.6229739188166623e-03
  3.6595241731504108e-01
 -1.8916169318964213e-01
  9.2171604897261843e-18
  4.6224822718623028e-02
  4.0107094069081591e-02
  3.6377687888386584e-01
 -1.8985539544564126e-01
 -4.6187081465227403e-02
  4.0373366685508789e-02
 -1.5652881820646515e-03
 -1.0668621591851607e-01
  9.5824231220509801e-02
 -2.9867540131214734e-16
 -1.4644306089309290e-03
  3.1583961777350850e-01
 -6.8594543039687787e-18
  5.8767628354990239e-04
 -1.6670527152468313e-02
 -6.3652583847531082e-19
  1.7024595307603012e-04
 -6.9042650401642570e-03
  1.2214386299177778e-17
  2.4504380879850295e-03
 -2.0650457688805229e-01
  8.6680798981933288e-02
 -1.1881694199308560e-17
 -2.0662798007576415e-02
 -2.1661123794087613e-03
 -2.1121421594990120e-01
  8.8315477859378780e-02
  2.0874220715635706e-02
 -2.3048179808736820e-03
  7.8262355546537622e-17
  4.4392374747430635e-16
 -2.9867540131214734e-16
  1.6951105162841498e+00
  4.1020097676866294e-16
  8.5156534094990637e-17
  1.5524257902390876e-01
  5.5719056272620516e-16
 -3.1166813777588900e-16
  4.6478657351304176e-03
 -3.0524353283046706e-16
  1.0139933734644319e-16
 -3.7801557164398571e-02
 -2.4705319468795377e-17
  9.4544118185442308e-16
  5.6188030520831451e-16
  5.4066071351949262e-02
 -2.0755248299765748e-17
  2.1902267409153491e-16
 -8.6599503608334463e-16
 -5.4773686199679734e-16
  3.8725929746107034e-16
 -3.9892035096421602e-17
  1.0815478622069905e-04
  7.0083877825949395e-05
 -1.4644306089309290e-03
  4.1020097676866294e-16
  1.0168257209401705e+00
  2.9751158535433627e-03
 -8.9397286771735498e-17
 -1.5312478438915184e-01
  7.3381826686873947e-04
 -6.7482630041415091e-18
 -3.8493401597069182e-02
 -1.4585228129731606e-04
 -1.6240612379224202e-16
 -4.7311847782706835e-04
 -7.9560921731362300e-01
  2.7062868996032885e-01
  3.7474224810494637e-17
 -3.3477679620139610e-02
 -4.6273562087550769e-02
  8.0149534812814749e-01
 -2.7338332806508764e-01
 -3.3182240985954119e-02
  4.6952061797066076e-02
 -6.7251790451799591e-03
  2.7029322292831326e-01
  3.1583961777350850e-01
  8.5156534094990637e-17
  2.9751158535433627e-03
  1.2871103663527823e+00
  8.1404217870905924e-17
  9.7671329980956708e-04
 -1.6932592378184438e-02
  1.0341086956991971e-18
  3.5092127123880477e-04
 -2.9164910082513689e-02
  1.9240411342184479e-17
  8.1143936437554839e-03
 -6.3345694117901319e-01
  2.5130867688984043e-01
 -7.8383221981006543e-18
 -5.9202822620936853e-02
  7.3866310506308834e-03
 -6.3869166093068630e-01
  2.5263803729282464e-01
  5.9455842317670496e-02
  7.7455631519809717e-03
  2.3988403183420673e-18
  3.5818669759275959e-17
 -6.8594543039687787e-18
  1.5524257902390876e-01
 -8.9397286771735498e-17
  8.1404217870905924e-17
  1.4217514498597239e-02
  7.0232642708132447e-17
 -3.1087488947934587e-17
  4.2566349317459449e-04
 -2.3121801045891725e-17
  7.6582638607556481e-18
 -3.4619637887593827e-03
 -1.6826200762399214e-18
  1.4345343160328790e-16
  3.5071187443287370e-17
  4.9515098123314935e-03
 -1.8448792583685005e-18
  2.5791161926366560e-17
 -2.2242940449032935e-16
  1.5604942710240090e-18
  4.3760010045961698e-17
 -9.5594276028539156e-18
 -3.7439300907383359e-05
  1.2314518861849256e-04
  5.8767628354990239e-04
  5.5719056272620516e-16
 -1.5312478438915184e-01
  9.7671329980956708e-04
  7.0232642708132447e-17
  2.3060805693985414e-02
 -1.4124213050397706e-04
  2.7142551378583604e-18
  5.7972732772902892e-03
 -1.0077271088802943e-05
  1.0677731754353062e-17
  8.0670877655305987e-05
  1.1906250524654548e-01
 -4.0452471621116814e-02
  1.4087253748490342e-17
  4.9700847220776508e-03
  6.9728134988878308e-03
 -1.2145798585619359e-01
  4.1474194299160098e-02
  5.0687992716742418e-03
 -7.0660537896988203e-03
  2.2826363092395764e-03
  1.1463569972052180e-01
 -1.6670527152468313e-02
 -3.1166813777588900e-16
  7.3381826686873947e-04
 -1.6932592378184438e-02
 -3.1087488947934587e-17
 -1.4124213050397706e-04
  8.7752340899755529e-03
 -8.4909018534694441e-19
 -3.4597518061134140e-05
  2.1120241802301550e-04
  6.5316954308849397e-18
 -4.2039781235287879e-04
  4.3777716841911465e-02
 -2.0582776602579917e-02
 -9.9798876540800049e-18
  4.9920677709364763e-03
  2.6526744507623448e-03
  4.5045640754283349e-02
 -2.1105551787190414e-02
 -5.0497815049466320e-03
  2.7362809694235469e-03
  9.1633922915683194e-19
  1.6797266578417972e-18
 -6.3652583847531082e-19
  4.6478657351304176e-03
 -6.7482630041415091e-18
  1.0341086956991971e-18
  4.2566349317459449e-04
  2.7142551378583604e-18
 -8.4909018534694441e-19
  1.2744098797259884e-05
 -5.3861507624936990e-19
  2.6004099381450094e-19
 -1.0364903089866147e-04
 -5.9731072546642659e-20
  8.4353414128510312e-18
 -4.3628323203729026e-19
  1.4824510735777740e-04
  1.7432612319677653e-19
  9.7010309600313093e-19
 -8.9038499614871610e-18
  7.3502950578602076e-19
  1.3470152585883663e-18
 -4.6154949535255031e-19
 -3.5473256239319440e-06
  8.4696576144462126e-05
  1.7024595307603012e-04
 -3.0524353283046706e-16
 -3.8493401597069182e-02
  3.5092127123880477e-04
 -2.3121801045891725e-17
  5.7972732772902892e-03
 -3.4597518061134140e-05
 -5.3861507624936990e-19
  1.4573901486641787e-03
 -4.9676744030516795e-06
  1.2616635993189251e-17
  2.0859612693802196e-05
  2.9888575033722605e-02
 -1.0153331845590171e-02
 -1.0662993575365261e-17
  1.2456982243258070e-03
  1.7542241388093180e-03
 -3.0575684838648459e-02
  1.0442086184404046e-02
  1.2779707574149238e-03
 -1.7749365399396895e-03
  7.6781688751211577e-05
 -8.5068692352511209e-03
 -6.9042650401642570e-03
  1.0139933734644319e-16
 -1.4585228129731606e-04
 -2.9164910082513689e-02
  7.6582638607556481e-18
 -1.0077271088802943e-05
  2.1120241802301550e-04
  2.6004099381450094e-19
 -4.9676744030516795e-06
  6.6433665507121241e-04
 -2.7279391376742236e-18
 -1.7750994524695399e-04
  1.3688393912626769e-02
 -5.3629705810657076e-03
  3.4754003251672210e-18
  1.2586534758390379e-03
 -2.1992294014081386e-04
  1.3684110289581526e-02
 -5.3492786599683723e-03
 -1.2591699711983165e-03
 -2.3559923357287490e-04
 -1.5512289701932038e-18
 -5.7146112974986855e-18
  1.2214386299177778e-17
 -3.7801557164398571e-02
 -1.6240612379224202e-16
  1.9240411342184479e-17
 -3.4619637887593827e-03
  1.0677731754353062e-17
  6.5316954308849397e-18
 -1.0364903089866147e-04
  1.2616635993189251e-17
 -2.7279391376742236e-18
  8.4298794109643647e-04
  7.5922689449797151e-19
  8.8143066571753884e-17
 -4.9067690862079559e-17
 -1.2056922939427772e-03
  4.5049782716229630e-18
  2.2082099513002498e-18
 -1.1234699570483343e-16
  5.7721267667512959e-17
 -2.6234686227783778e-18
 -6.0677063931555531e-18
 -2.4210422945732170e-04
 -2.6229739188166623e-03
  2.4504380879850295e-03
 -2.4705319468795377e-17
 -4.7311847782706835e-04
  8.1143936437554839e-03
 -1.6826200762399214e-18
  8.0670877655305987e-05
 -4.2039781235287879e-04
 -5.9731072546642659e-20
  2.0859612693802196e-05
 -1.7750994524695399e-04
  7.5922689449797151e-19
  6.2876985480827909e-05
 -4.9288678653926117e-03
  2.0935737790736000e-03
 -8.5912061126640220e-19
 -5.1219612626497463e-04
 -3.2942319056236967e-05
 -5.7338981583934046e-03
  2.3684712562622146e-03
  5.4617210694369916e-04
 -7.6414314115459843e-05
 -4.7351321129456107e-03
  3.6595241731504108e-01
 -2.0650457688805229e-01
  9.4544118185442308e-16
 -7.9560921731362300e-01
 -6.3345694117901319e-01
  1.4345343160328790e-16
  1.1906250524654548e-01
  4.3777716841911465e-02
  8.4353414128510312e-18
  2.9888575033722605e-02
  1.3688393912626769e-02
  8.8143066571753884e-17
 -4.9288678653926117e-03
  1.0840904771922859e+00
 -4.0835968988352372e-01
  1.5454422586087551e-17
  7.3068699875389054e-02
  4.4274775007855989e-02
 -1.6075842894527229e-01
  1.5479468727483476e-02
 -2.1146592269605077e-02
 -2.8637521624225924e-02
  3.2116126647265954e-03
 -1.8916169318964213e-01
  8.6680798981933288e-02
  5.6188030520831451e-16
  2.7062868996032885e-01
  2.5130867688984043e-01
  3.5071187443287370e-17
 -4.0452471621116814e-02
 -2.0582776602579917e-02
 -4.3628323203729026e-19
 -1.0153331845590171e-02
 -5.3629705810657076e-03
 -4.9067690862079559e-17
  2.0935737790736000e-03
 -4.0835968988352372e-01
  1.5656496516497692e-01
  2.2745626524138549e-17
 -2.9092129437449470e-02
 -1.6553898087362670e-02
  1.4812235791588226e-02
  1.2532361329183674e-02
  1.1445457005561694e-02
  8.2391296326608868e-03
  2.2934350491442833e-18
  9.2171604897261843e-18
 -1.1881694199308560e-17
  5.4066071351949262e-02
  3.7474224810494637e-17
 -7.8383221981006543e-18
  4.9515098123314935e-03
  1.4087253748490342e-17
 -9.9798876540800049e-18
  1.4824510735777740e-04
 -1.0662993575365261e-17
  3.4754003251672210e-18
 -1.2056922939427772e-03
 -8.5912061126640220e-19
  1.5454422586087551e-17
  2.2745626524138549e-17
  1.7244539771022606e-03
 -1.0741805487758286e-18
  5.7499297311509431e-18
 -3.9297728514680855e-18
 -2.5717261300874985e-17
  1.1161343131566162e-17
 -2.7312910668133745e-19
 -1.6141899267576372e-03
  4.6224822718623028e-02
 -2.0662798007576415e-02
 -2.0755248299765748e-17
 -3.3477679620139610e-02
 -5.9202822620936853e-02
 -1.8448792583685005e-18
  4.9700847220776508e-03
  4.9920677709364763e-03
  1.7432612319677653e-19
  1.2456982243258070e-03
  1.2586534758390379e-03
  4.5049782716229630e-18
 -5.1219612626497463e-04
  7.3068699875389054e-02
 -2.9092129437449470e-02
 -1.0741805487758286e-18
  5.9216370004146262e-03
  2.5614370406148597e-03
  2.0933808431908785e-02
 -1.1360971122305464e-02
 -3.7493944478662888e-03
 -5.0316704164233607e-04
 -1.3330971253906747e-03
  4.0107094069081591e-02
 -2.1661123794087613e-03
  2.1902267409153491e-16
 -4.6273562087550769e-02
  7.3866310506308834e-03
  2.5791161926366560e-17
  6.9728134988878308e-03
  2.6526744507623448e-03
  9.7010309600313093e-19
  1.7542241388093180e-03
 -2.1992294014081386e-04
  2.2082099513002498e-18
 -3.2942319056236967e-05
  4.4274775007855989e-02
 -1.6553898087362670e-02
  5.7499297311509431e-18
  2.5614370406148597e-03
  3.0587615399416505e-03
 -2.8468696327094832e-02
  8.1900323915948727e-03
  4.7349988376495716e-04
 -1.1775255704358195e-03
 -4.6511882365924684e-03
  3.6377687888386584e-01
 -2.1121421594990120e-01
 -8.6599503608334463e-16
  8.0149534812814749e-01
 -6.3869166093068630e-01
 -2.2242940449032935e-16
 -1.2145798585619359e-01
  4.5045640754283349e-02
 -8.9038499614871610e-18
 -3.0575684838648459e-02
  1.3684110289581526e-02
 -1.1234699570483343e-16
 -5.7338981583934046e-03
 -1.6075842894527229e-01
  1.4812235791588226e-02
 -3.9297728514680855e-18
  2.0933808431908785e-02
 -2.8468696327094832e-02
  1.1030040477632292e+00
 -4.1583798907949415e-01
 -7.3716335373796807e-02
  4.5045638748929681e-02
  3.2012133602754827e-03
 -1.8985539544564126e-01
  8.8315477859378780e-02
 -5.4773686199679734e-16
 -2.7338332806508764e-01
  2.5263803729282464e-01
  1.5604942710240090e-18
  4.1474194299160098e-02
 -2.1105551787190414e-02
  7.3502950578602076e-19
  1.0442086184404046e-02
 -5.3492786599683723e-03
  5.7721267667512959e-17
  2.3684712562622146e-03
  1.5479468727483476e-02
  1.2532361329183674e-02
 -2.5717261300874985e-17
 -1.1360971122305464e-02
  8.1900323915948727e-03
 -4.1583798907949415e-01
  1.5955929218350387e-01
  2.9379086337036009e-02
 -1.6893581778212270e-02
  1.6269317696595241e-03
 -4.6187081465227403e-02
  2.0874220715635706e-02
  3.8725929746107034e-16
 -3.3182240985954119e-02
  5.9455842317670496e-02
  4.3760010045961698e-17
  5.0687992716742418e-03
 -5.0497815049466320e-03
  1.3470152585883663e-18
  1.2779707574149238e-03
 -1.2591699711983165e-03
 -2.6234686227783778e-18
  5.4617210694369916e-04
 -2.1146592269605077e-02
  1.1445457005561694e-02
  1.1161343131566162e-17
 -3.7493944478662888e-03
  4.7349988376495716e-04
 -7.3716335373796807e-02
  2.9379086337036009e-02
  5.9473260891896081e-03
 -2.5734547950812545e-03
 -1.3404644338202341e-03
  4.0373366685508789e-02
 -2.3048179808736820e-03
 -3.9892035096421602e-17
  4.6952061797066076e-02
  7.7455631519809717e-03
 -9.5594276028539156e-18
 -7.0660537896988203e-03
  2.7362809694235469e-03
 -4.6154949535255031e-19
 -1.7749365399396895e-03
 -2.3559923357287490e-04
 -6.0677063931555531e-18
 -7.6414314115459843e-05
 -2.8637521624225924e-02
  8.2391296326608868e-03
 -2.7312910668133745e-19
 -5.0316704164233607e-04
 -1.1775255704358195e-03
  4.5045638748929681e-02
 -1.6893581778212270e-02
 -2.5734547950812545e-03
  3.1334330461063541e-03
