rank_mo_coefficient 2
dims_mo_coefficient 0 12
dims_mo_coefficient 1 12
rank_mo_coefficient_im 0
rank_mo_occupation 0
rank_mo_energy 0
rank_mo_spin 0
rank_mo_class 0
rank_mo_symmetry 0
mo_num_isSet 1 
mo_num 12 
len_mo_type 0
mo_type
mo_coefficient
  1.0006197815686519e+00
 -1.6374011216950469e-02
 -3.6960850728020724e-17
  2.6948573974402279e-17
  1.3950348785780564e-17
 -2.1544381695111824e-02
 -1.1152609371025244e+00
  3.9817896315197283e-15
 -8.3220495988225830e-26
 -3.4437138829021738e-03
  4.1881061534246973e-17
  1.1832197456836037e-16
 -1.1173289714926666e-03
  3.1932494366009971e-02
  6.4357559566870442e-17
 -4.7478728011653345e-17
 -2.1482624742086982e-17
  3.9896165141222788e-02
  2.0068598984512738e+00
 -7.1672107785571701e-15
  1.1260231068002238e-25
  7.1609736299731563e-03
 -7.5915951899287177e-17
 -2.1642551755016260e-16
 -6.4667258384860427e-04
  9.7823687729493847e-01
 -4.5138429632674440e-16
  7.1000987066192177e-17
 -2.3182251344971670e-17
  9.3575967553564975e-04
 -1.3518125855958270e+00
  4.8601048812934330e-15
 -1.0930229889579381e-26
 -3.1996768746104316e-03
  5.0645952786319268e-17
  1.1055926787111428e-16
 -3.8560615915486317e-18
 -1.6451147739649131e-17
 -3.0904006474918866e-03
 -2.3487713657497067e-01
 -3.0937644383006069e-01
  1.6555678371007094e-15
 -9.5150258093470925e-15
 -3.0026479922638289e+00
  2.5016437721037685e-15
 -1.3054364536861143e-15
 -1.4027318294934479e-01
 -5.7644569040220792e-02
  5.2315278417064316e-18
  4.0388767779091348e-16
  1.0774081810248815e+00
 -7.6646657692776954e-01
  2.4711880387403068e-01
 -1.3511501908189759e-15
  9.8219651387105096e-15
  3.1127794192791240e+00
 -2.5683571462980551e-15
  1.2549434595943368e-15
  1.2621928608550426e-01
  8.2046973036672216e-02
 -1.4607384173206569e-18
 -6.5443904599600529e-17
 -1.1884192648125134e-01
  1.4114892346218160e+00
  2.6347348597210518e-01
 -6.8324303440391578e-16
 -1.3974209861290376e-15
 -4.1312718052074043e-01
  6.0962290141028759e-17
 -1.5521772690412120e-16
 -1.8732855122757165e-02
 -3.9381269686968069e-02
  2.0580965713893882e-18
  3.6704446742964496e-17
  2.5446788462479825e-04
  2.6981386746230969e-02
 -7.6253275220038424e-03
  1.1459387159834719e-16
  4.4967477870465960e-17
 -2.2451772039100256e-02
  2.7766509045599665e-17
  9.8006348021247836e-17
 -2.5712622638046457e-02
  1.1630333996063078e+00
 -5.3183668788441116e-04
 -1.5427463782130557e-03
 -4.4839535950296941e-17
  1.0896674211228171e-17
  1.5760243501400336e-17
 -2.9592374337073374e-03
 -3.4851249596091205e-03
 -2.2940756584198483e-16
  1.3579245822585956e-24
  9.9998821688116690e-01
 -3.8418419531885891e-16
 -9.8739933861609338e-17
  2.1455224767812189e-26
 -6.2848914150661612e-26
  5.4222965895324678e-17
  6.5208667422502302e-17
  8.8418541166969253e-17
  5.4087196167392688e-27
 -5.0357568267214513e-26
  4.2622874154637041e-16
  9.9999999999999956e-01
 -1.3581854823542300e-24
  3.1147263490773550e-16
 -1.0042093075653986e-17
 -6.8633259757045826e-19
  8.8138333332072800e-17
 -1.3537836006354650e-01
 -2.2856678419307705e-01
  9.6577115697926130e-01
 -4.1095551985886519e-15
 -2.3456749899445803e-16
 -7.3471389663060521e-02
 -1.9133929507652934e-16
 -7.6030860216759766e-17
  6.8427608387881408e-02
 -5.8415214600587628e-01
 -5.8991140442558431e-04
 -2.7806024407898255e-02
 -1.2244003259203593e-16
 -2.3943176914205963e-16
  4.1573091132707284e-15
  9.9942013171942712e-01
 -1.9436413335817193e-02
  2.9650141140892976e-16
 -4.2535903349777316e-27
  2.8466052984561369e-03
  5.4509741626217683e-18
 -5.8531712710544682e-17
  7.2455237950103208e-20
  2.2422367908721982e-18
  2.6617689018825982e-02
  1.3780963741682688e-02
 -5.4451666146788182e-02
  2.4071062682772347e-16
 -1.1399110148949793e-16
 -4.2463345830477041e-02
 -2.4000714159711088e-16
  3.7303883391719099e-16
  9.9695116797615990e-01
  2.0538565074964165e-02
mo_coefficient_im
mo_occupation
mo_energy
mo_spin
mo_class
mo_symmetry
