rank_mo_1e_int_overlap 2
dims_mo_1e_int_overlap 0 12
dims_mo_1e_int_overlap 1 12
rank_mo_1e_int_kinetic 2
dims_mo_1e_int_kinetic 0 12
dims_mo_1e_int_kinetic 1 12
rank_mo_1e_int_potential_n_e 2
dims_mo_1e_int_potential_n_e 0 12
dims_mo_1e_int_potential_n_e 1 12
rank_mo_1e_int_ecp 0
rank_mo_1e_int_core_hamiltonian 2
dims_mo_1e_int_core_hamiltonian 0 12
dims_mo_1e_int_core_hamiltonian 1 12
rank_mo_1e_int_overlap_im 0
rank_mo_1e_int_kinetic_im 0
rank_mo_1e_int_potential_n_e_im 0
rank_mo_1e_int_ecp_im 0
rank_mo_1e_int_core_hamiltonian_im 0
mo_1e_int_overlap
  1.0000000000000002e+00
  5.5598432559005984e-01
  1.1230576383630588e-06
  0.0000000000000000e+00
  0.0000000000000000e+00
  0.0000000000000000e+00
  0.0000000000000000e+00
  0.0000000000000000e+00
  0.0000000000000000e+00
  0.0000000000000000e+00
  0.0000000000000000e+00
  0.0000000000000000e+00
  5.5598432559005984e-01
  1.0000000000000002e+00
  6.6539655350032867e-01
  0.0000000000000000e+00
  0.0000000000000000e+00
  0.0000000000000000e+00
  0.0000000000000000e+00
  0.0000000000000000e+00
  0.0000000000000000e+00
  0.0000000000000000e+00
  0.0000000000000000e+00
  0.0000000000000000e+00
  1.1230576383819239e-06
  6.6539655350032867e-01
  1.0000000000000007e+00
  0.0000000000000000e+00
  0.0000000000000000e+00
  0.0000000000000000e+00
  0.0000000000000000e+00
  0.0000000000000000e+00
  0.0000000000000000e+00
  0.0000000000000000e+00
  0.0000000000000000e+00
  0.0000000000000000e+00
  0.0000000000000000e+00
  0.0000000000000000e+00
  0.0000000000000000e+00
  1.0000000000000000e+00
  9.4202179673796049e-01
  6.5041392861135283e-01
  0.0000000000000000e+00
  0.0000000000000000e+00
  0.0000000000000000e+00
  0.0000000000000000e+00
  0.0000000000000000e+00
  0.0000000000000000e+00
  0.0000000000000000e+00
  0.0000000000000000e+00
  0.0000000000000000e+00
  9.4202179673796049e-01
  9.9999999999999944e-01
  7.3471063682028936e-01
  0.0000000000000000e+00
  0.0000000000000000e+00
  0.0000000000000000e+00
  0.0000000000000000e+00
  0.0000000000000000e+00
  0.0000000000000000e+00
  0.0000000000000000e+00
  0.0000000000000000e+00
  0.0000000000000000e+00
  6.5041392861135283e-01
  7.3471063682028936e-01
  1.0000000000000002e+00
  0.0000000000000000e+00
  0.0000000000000000e+00
  0.0000000000000000e+00
  0.0000000000000000e+00
  0.0000000000000000e+00
  5.5511151231257827e-17
  0.0000000000000000e+00
  0.0000000000000000e+00
  0.0000000000000000e+00
  0.0000000000000000e+00
  0.0000000000000000e+00
  0.0000000000000000e+00
  1.0000000000000004e+00
  0.0000000000000000e+00
  0.0000000000000000e+00
  5.1163821835569190e-01
  0.0000000000000000e+00
  0.0000000000000000e+00
  0.0000000000000000e+00
  0.0000000000000000e+00
  0.0000000000000000e+00
  0.0000000000000000e+00
  0.0000000000000000e+00
  0.0000000000000000e+00
  0.0000000000000000e+00
  1.0000000000000000e+00
  0.0000000000000000e+00
  0.0000000000000000e+00
  0.0000000000000000e+00
  0.0000000000000000e+00
  0.0000000000000000e+00
  0.0000000000000000e+00
  0.0000000000000000e+00
  0.0000000000000000e+00
  0.0000000000000000e+00
  0.0000000000000000e+00
  0.0000000000000000e+00
  0.0000000000000000e+00
  1.0000000000000004e+00
  0.0000000000000000e+00
  0.0000000000000000e+00
  0.0000000000000000e+00
  0.0000000000000000e+00
  0.0000000000000000e+00
  0.0000000000000000e+00
  0.0000000000000000e+00
  0.0000000000000000e+00
  0.0000000000000000e+00
  5.1163821835569190e-01
  0.0000000000000000e+00
  0.0000000000000000e+00
  1.0000000000000002e+00
  0.0000000000000000e+00
  0.0000000000000000e+00
  0.0000000000000000e+00
  0.0000000000000000e+00
  0.0000000000000000e+00
  0.0000000000000000e+00
  0.0000000000000000e+00
  0.0000000000000000e+00
  0.0000000000000000e+00
  0.0000000000000000e+00
  0.0000000000000000e+00
  0.0000000000000000e+00
  1.0000000000000002e+00
  0.0000000000000000e+00
  0.0000000000000000e+00
  0.0000000000000000e+00
  0.0000000000000000e+00
  0.0000000000000000e+00
  0.0000000000000000e+00
  5.5511151231257827e-17
  0.0000000000000000e+00
  0.0000000000000000e+00
  0.0000000000000000e+00
  0.0000000000000000e+00
  0.0000000000000000e+00
  1.0000000000000000e+00
mo_1e_int_kinetic
  2.9212266434586393e+01
  2.4180552994619382e+00
 -8.0300098517427028e+00
  0.0000000000000000e+00
  0.0000000000000000e+00
  0.0000000000000000e+00
  0.0000000000000000e+00
  0.0000000000000000e+00
  0.0000000000000000e+00
  0.0000000000000000e+00
  0.0000000000000000e+00
  0.0000000000000000e+00
  2.4180552994619382e+00
  2.6280000000000006e+00
  3.9959273513085458e-01
  0.0000000000000000e+00
  0.0000000000000000e+00
  0.0000000000000000e+00
  0.0000000000000000e+00
  5.5511151231257827e-16
  0.0000000000000000e+00
  0.0000000000000000e+00
  0.0000000000000000e+00
  0.0000000000000000e+00
 -8.0300098517427028e+00
  3.9959273513085458e-01
  3.1086427432284989e+00
  0.0000000000000000e+00
  0.0000000000000000e+00
  0.0000000000000000e+00
  0.0000000000000000e+00
  6.6613381477509392e-16
  0.0000000000000000e+00
  0.0000000000000000e+00
  0.0000000000000000e+00
  0.0000000000000000e+00
  0.0000000000000000e+00
  0.0000000000000000e+00
  0.0000000000000000e+00
  1.7890000000000001e+00
  1.7043255948079841e+00
  5.3573229542414369e-01
  0.0000000000000000e+00
  0.0000000000000000e+00
  0.0000000000000000e+00
  0.0000000000000000e+00
  0.0000000000000000e+00
  4.4408920985006262e-16
  0.0000000000000000e+00
  0.0000000000000000e+00
  0.0000000000000000e+00
  1.7043255948079841e+00
  2.5403250417808092e+00
  5.2066647181337311e-01
  0.0000000000000000e+00
  0.0000000000000000e+00
  0.0000000000000000e+00
  0.0000000000000000e+00
  0.0000000000000000e+00
  2.2204460492503131e-16
  0.0000000000000000e+00
  0.0000000000000000e+00
  0.0000000000000000e+00
  5.3573229542414369e-01
  5.2066647181337311e-01
  5.3500000000000003e-01
  0.0000000000000000e+00
  0.0000000000000000e+00
  0.0000000000000000e+00
  0.0000000000000000e+00
  0.0000000000000000e+00
  3.8857805861880479e-16
  0.0000000000000000e+00
  0.0000000000000000e+00
  0.0000000000000000e+00
  0.0000000000000000e+00
  0.0000000000000000e+00
  0.0000000000000000e+00
  8.0990000000000020e+00
  0.0000000000000000e+00
  0.0000000000000000e+00
  1.8065048091574674e+00
  0.0000000000000000e+00
  0.0000000000000000e+00
  0.0000000000000000e+00
  5.5511151231257827e-16
  6.6613381477509392e-16
  0.0000000000000000e+00
  0.0000000000000000e+00
  0.0000000000000000e+00
  0.0000000000000000e+00
  8.0990000000000002e+00
  0.0000000000000000e+00
  0.0000000000000000e+00
  0.0000000000000000e+00
  0.0000000000000000e+00
  0.0000000000000000e+00
  0.0000000000000000e+00
  0.0000000000000000e+00
  0.0000000000000000e+00
  0.0000000000000000e+00
  0.0000000000000000e+00
  0.0000000000000000e+00
  0.0000000000000000e+00
  8.0990000000000020e+00
  0.0000000000000000e+00
  0.0000000000000000e+00
  0.0000000000000000e+00
  0.0000000000000000e+00
  0.0000000000000000e+00
  0.0000000000000000e+00
  0.0000000000000000e+00
  0.0000000000000000e+00
  0.0000000000000000e+00
  1.8065048091574674e+00
  0.0000000000000000e+00
  0.0000000000000000e+00
  2.2575000000000003e+00
  0.0000000000000000e+00
  0.0000000000000000e+00
  0.0000000000000000e+00
  0.0000000000000000e+00
  0.0000000000000000e+00
  0.0000000000000000e+00
  0.0000000000000000e+00
  0.0000000000000000e+00
  0.0000000000000000e+00
  0.0000000000000000e+00
  0.0000000000000000e+00
  0.0000000000000000e+00
  2.2575000000000003e+00
  0.0000000000000000e+00
  0.0000000000000000e+00
  0.0000000000000000e+00
  0.0000000000000000e+00
  4.4408920985006262e-16
  2.2204460492503131e-16
  3.8857805861880479e-16
  0.0000000000000000e+00
  0.0000000000000000e+00
  0.0000000000000000e+00
  0.0000000000000000e+00
  0.0000000000000000e+00
  6.4260000000000002e+00
mo_1e_int_potential_n_e
 -6.2240746479457819e+01
 -1.9873596901905717e+01
  8.6569920017906643e+00
  0.0000000000000000e+00
  0.0000000000000000e+00
  0.0000000000000000e+00
  0.0000000000000000e+00
 -5.6700526340991431e-04
  0.0000000000000000e+00
  0.0000000000000000e+00
  1.5339465331289381e-03
  0.0000000000000000e+00
 -1.9873596901905717e+01
 -1.8002691636857502e+01
 -6.4090365706330630e+00
  0.0000000000000000e+00
  0.0000000000000000e+00
  0.0000000000000000e+00
  0.0000000000000000e+00
 -5.0349399601330447e-03
  0.0000000000000000e+00
  0.0000000000000000e+00
  2.9426543745466383e-02
  0.0000000000000000e+00
  8.6569920017906643e+00
 -6.4090365706330630e+00
 -1.1208767766573734e+01
  0.0000000000000000e+00
  0.0000000000000000e+00
  0.0000000000000000e+00
  0.0000000000000000e+00
 -7.1427471169034362e-03
  0.0000000000000000e+00
  0.0000000000000000e+00
  1.2095450422997978e-01
  0.0000000000000000e+00
  0.0000000000000000e+00
  0.0000000000000000e+00
  0.0000000000000000e+00
 -8.3871613969051673e+00
 -8.5095593149508275e+00
 -4.5329516242241503e+00
  1.6461237365950626e-01
  0.0000000000000000e+00
  0.0000000000000000e+00
  3.1898072288312501e-01
  0.0000000000000000e+00
 -4.1051753447659323e-02
  0.0000000000000000e+00
  0.0000000000000000e+00
  0.0000000000000000e+00
 -8.5095593149508275e+00
 -1.0029116730390822e+01
 -4.7681625697703875e+00
  1.5549448687969752e-01
  0.0000000000000000e+00
  0.0000000000000000e+00
  2.8317734640619013e-01
  0.0000000000000000e+00
 -3.3664110357637611e-02
  0.0000000000000000e+00
  0.0000000000000000e+00
  0.0000000000000000e+00
 -4.5329516242241503e+00
 -4.7681625697703875e+00
 -4.9101544026211359e+00
  7.1454900597736348e-02
  0.0000000000000000e+00
  0.0000000000000000e+00
  2.9494692844058767e-01
  0.0000000000000000e+00
 -3.3188436657716203e-02
  0.0000000000000000e+00
  0.0000000000000000e+00
  0.0000000000000000e+00
  1.6461237365950626e-01
  1.5549448687969752e-01
  7.1454900597736348e-02
 -1.1513754007316713e+01
  0.0000000000000000e+00
  0.0000000000000000e+00
 -4.8498982828302140e+00
  0.0000000000000000e+00
  1.5553092248098654e-01
 -5.6700526340991431e-04
 -5.0349399601330447e-03
 -7.1427471169034362e-03
  0.0000000000000000e+00
  0.0000000000000000e+00
  0.0000000000000000e+00
  0.0000000000000000e+00
 -1.1457720586114403e+01
  0.0000000000000000e+00
  0.0000000000000000e+00
 -2.1693386185484099e-02
  0.0000000000000000e+00
  0.0000000000000000e+00
  0.0000000000000000e+00
  0.0000000000000000e+00
  0.0000000000000000e+00
  0.0000000000000000e+00
  0.0000000000000000e+00
  0.0000000000000000e+00
  0.0000000000000000e+00
 -1.1427122584680101e+01
  0.0000000000000000e+00
  0.0000000000000000e+00
  0.0000000000000000e+00
  0.0000000000000000e+00
  0.0000000000000000e+00
  0.0000000000000000e+00
  3.1898072288312501e-01
  2.8317734640619013e-01
  2.9494692844058767e-01
 -4.8498982828302140e+00
  0.0000000000000000e+00
  0.0000000000000000e+00
 -6.7284091938748425e+00
  0.0000000000000000e+00
  2.5333825046948139e-01
  1.5339465331289381e-03
  2.9426543745466383e-02
  1.2095450422997978e-01
  0.0000000000000000e+00
  0.0000000000000000e+00
  0.0000000000000000e+00
  0.0000000000000000e+00
 -2.1693386185484099e-02
  0.0000000000000000e+00
  0.0000000000000000e+00
 -6.5488932988101531e+00
  0.0000000000000000e+00
  0.0000000000000000e+00
  0.0000000000000000e+00
  0.0000000000000000e+00
 -4.1051753447659323e-02
 -3.3664110357637611e-02
 -3.3188436657716203e-02
  1.5553092248098654e-01
  0.0000000000000000e+00
  0.0000000000000000e+00
  2.5333825046948139e-01
  0.0000000000000000e+00
 -8.1529602432971338e+00
mo_1e_int_ecp
mo_1e_int_core_hamiltonian
 -3.3031248494671736e+01
  6.0899033427627502e-01
 -1.9761401678700768e-16
 -1.1354662858682676e-17
 -8.7979974059678756e-17
  2.0165877429557454e-02
  9.6237583405581362e-01
 -3.3833710740972503e-15
  7.0765532132853316e-25
 -1.1972201546070257e-02
 -2.7316717573748211e-17
 -6.6190811285236172e-17
  6.0899033427627502e-01
 -8.1631352347206612e+00
  6.4336107166746141e-16
  4.1907502333082570e-16
  6.5013577927105734e-16
 -2.4752763395755453e-02
 -1.8916986675933041e+00
  6.0693525626301729e-15
 -4.3962667602796584e-25
 -2.0289990372667970e-02
  9.5814483484399153e-17
  2.9894185757522449e-16
 -1.9761401678700761e-16
  6.4336107166746220e-16
 -7.7840767903503387e+00
  1.4745031542019942e+00
  3.0819170957682836e-02
 -1.3611560033387981e-15
 -2.8827559830065823e-15
 -1.3252502540470346e+00
  1.7045825672634929e-15
  2.1381982623377900e-16
  1.8137646874452344e-02
  8.6263775229182271e-02
 -1.1354662858682644e-17
  4.1907502333082604e-16
  1.4745031542019944e+00
 -4.3501166085431713e+00
  4.8292395591611947e-01
 -1.9063709074618094e-15
  5.2592226224902807e-15
  1.5824959681746591e+00
 -1.1637630840983742e-15
  4.6023987099859849e-16
  2.2529402394527255e-02
  1.3760812005976902e-01
 -8.7979974059678621e-17
  6.5013577927105754e-16
  3.0819170957683172e-02
  4.8292395591611947e-01
 -4.3155295348882516e+00
  5.8893386787284905e-17
 -3.2732687475777257e-16
 -3.7648666074060394e-02
  8.7238035379210971e-16
 -1.6432198067996459e-16
  1.0780469075432512e-01
 -8.9510466631889218e-01
  2.0165877429557465e-02
 -2.4752763395755620e-02
 -1.3611560033387981e-15
 -1.9063709074618090e-15
  5.8893386787287727e-17
 -4.2940871014427495e+00
 -1.7524678556066692e-01
  5.0990982011306070e-16
 -3.9930045754197743e-26
 -2.5282638535767163e-02
 -4.2152479790449619e-16
  3.9047469703485550e-15
  9.6237583405580851e-01
 -1.8916986675933025e+00
 -2.8827559830065728e-15
  5.2592226224902893e-15
 -3.2732687475777262e-16
 -1.7524678556066686e-01
 -5.1685512678876826e+00
  3.8839625117363133e-15
 -2.4297925251534844e-25
 -8.6275322877120610e-03
 -1.7284459831268475e-16
  5.4998598840690548e-16
 -3.3833710740972534e-15
  6.0693525626301769e-15
 -1.3252502540470368e+00
  1.5824959681746549e+00
 -3.7648666074058798e-02
  5.0990982011306247e-16
  3.8839625117363780e-15
 -4.5871156500147787e+00
  2.1459812885335868e-15
 -9.8150665914913449e-16
 -1.0141921577524061e-01
  5.6283715111124753e-02
  7.0765532132853353e-25
 -4.3962667602796584e-25
  1.7045825672634939e-15
 -1.1637630840983758e-15
  8.7238035379210971e-16
 -3.9930045754197794e-26
 -2.4297925251534917e-25
  2.1459812885335892e-15
 -3.3281225846800959e+00
 -4.3165544556328537e-26
 -5.0882834141282674e-16
  2.1096577744942120e-16
 -1.1972201546070253e-02
 -2.0289990372667970e-02
  2.1381982623377979e-16
  4.6023987099859583e-16
 -1.6432198067996429e-16
 -2.5282638535767163e-02
 -8.6275322877120992e-03
 -9.8150665914913113e-16
 -4.3165544556328921e-26
 -3.3589361440716878e+00
  5.7695887606945283e-16
  1.6871280203666693e-16
 -2.7316717573748207e-17
  9.5814483484399227e-17
  1.8137646874452538e-02
  2.2529402394527442e-02
  1.0780469075432517e-01
 -4.2152479790449599e-16
 -1.7284459831268458e-16
 -1.0141921577524028e-01
 -5.0882834141282792e-16
  5.7695887606945303e-16
 -1.7104452686018901e+00
 -1.1052361238084132e-02
 -6.6190811285235568e-17
  2.9894185757522473e-16
  8.6263775229182230e-02
  1.3760812005976875e-01
 -8.9510466631889352e-01
  3.9047469703485542e-15
  5.4998598840690647e-16
  5.6283715111125156e-02
  2.1096577744942110e-16
  1.6871280203666706e-16
 -1.1052361238084174e-02
 -2.0051123971482818e+00
mo_1e_int_overlap_im
mo_1e_int_kinetic_im
mo_1e_int_potential_n_e_im
mo_1e_int_ecp_im
mo_1e_int_core_hamiltonian_im
