rank_rdm_1e 2
dims_rdm_1e 0 12
dims_rdm_1e 1 12
rank_rdm_1e_up 2
dims_rdm_1e_up 0 12
dims_rdm_1e_up 1 12
rank_rdm_1e_dn 2
dims_rdm_1e_dn 0 12
dims_rdm_1e_dn 1 12
rdm_2e_cholesky_num_isSet 0 
rdm_2e_upup_cholesky_num_isSet 0 
rdm_2e_dndn_cholesky_num_isSet 0 
rdm_2e_updn_cholesky_num_isSet 0 
rdm_1e
  2.0030161110196594e+00
 -3.2817689846591472e-03
 -3.3329469962517899e-02
 -2.8240739160456778e-17
 -1.1681640362796825e-16
  9.1431206510450593e-17
  4.1394033753117682e-18
 -1.0138107279186489e-03
  4.4995224265147588e-26
  2.0374117841630116e-17
 -2.6996173017492068e-04
 -2.6725382208533014e-18
 -3.2817689846591472e-03
  2.0418652409315910e-03
  6.2476532237713628e-02
  3.4155954787012866e-17
  2.2662550890343238e-16
 -1.6482469368547194e-16
  1.3782405386733502e-19
 -9.7339006981989474e-05
 -4.0617932941559546e-27
 -3.1585232705837877e-17
 -1.7745131852871362e-03
  4.6000616901997162e-18
 -3.3329469962517899e-02
  6.2476532237713628e-02
  1.9138956125703663e+00
 -4.8400267033650186e-17
 -3.0275869954545376e-16
  1.6746780684350348e-16
  7.5763853987218209e-17
 -3.0176549505521520e-03
 -1.2299004384202989e-25
  2.1742212121060597e-16
 -5.4400994014474173e-02
 -1.5161281453627938e-17
 -2.8240739160456778e-17
  3.4155954787012866e-17
 -4.8400267033650186e-17
  3.0178120771750827e-01
  2.0048623036575161e-01
 -8.2534354140276300e-01
 -7.9580011113899347e-03
 -1.4538449701461414e-17
 -8.5676419215715053e-17
 -4.8936672188174235e-01
 -2.4581967130370752e-15
  2.7053940413693179e-02
 -1.1681640362796825e-16
  2.2662550890343238e-16
 -3.0275869954545376e-16
  2.0048623036575161e-01
  3.6186942106296955e+00
 -2.2895826663293812e+00
 -4.4581054351660807e-02
 -1.0678729099302714e-16
  6.0579774166354851e-17
  5.3598252228482535e-01
  2.1354284286877827e-15
  9.3188743917273636e-03
  9.1431206510450593e-17
 -1.6482469368547194e-16
  1.6746780684350348e-16
 -8.2534354140276300e-01
 -2.2895826663293812e+00
  4.1516870815066964e+00
  7.2089247699869893e-02
  4.9927003386700792e-17
  2.1778662322039643e-16
 -1.0415167357238511e-01
  1.5475139312662557e-15
  3.8836284518780316e-03
  4.1394033753117682e-18
  1.3782405386733502e-19
  7.5763853987218209e-17
 -7.9580011113899347e-03
 -4.4581054351660807e-02
  7.2089247699869893e-02
  1.5724112089436457e-03
  2.0939983442878454e-19
  2.1979958858928642e-18
 -2.7131639259673046e-02
 -7.8428041308392218e-17
  1.5876292959128341e-03
 -1.0138107279186489e-03
 -9.7339006981989474e-05
 -3.0176549505521520e-03
 -1.4538449701461414e-17
 -1.0678729099302714e-16
  4.9927003386700792e-17
  2.0939983442878454e-19
  5.3258333001387228e-06
  1.7109786344988508e-28
  3.7329727166099110e-17
  8.6422759950527603e-05
 -3.8100548120718643e-18
  4.4995224265147588e-26
 -4.0617932941559546e-27
 -1.2299004384202989e-25
 -8.5676419215715053e-17
  6.0579774166354851e-17
  2.1778662322039643e-16
  2.1979958858928642e-18
  1.7109786344988508e-28
  3.0020277519198188e-32
  1.2629385037254890e-16
  3.4705341804536241e-27
 -4.9452171190734968e-18
  2.0374117841630116e-17
 -3.1585232705837877e-17
  2.1742212121060597e-16
 -4.8936672188174235e-01
  5.3598252228482535e-01
 -1.0415167357238511e-01
 -2.7131639259673046e-02
  3.7329727166099110e-17
  1.2629385037254890e-16
  2.0065680057258417e+00
  8.1677214815926374e-15
 -1.1868235653520007e-01
 -2.6996173017492068e-04
 -1.7745131852871362e-03
 -5.4400994014474173e-02
 -2.4581967130370752e-15
  2.1354284286877827e-15
  1.5475139312662557e-15
 -7.8428041308392218e-17
  8.6422759950527603e-05
  3.4705341804536241e-27
  8.1677214815926374e-15
  1.5470459776754097e-03
 -4.6598693915613514e-16
 -2.6725382208533014e-18
  4.6000616901997162e-18
 -1.5161281453627938e-17
  2.7053940413693179e-02
  9.3188743917273636e-03
  3.8836284518780316e-03
  1.5876292959128341e-03
 -3.8100548120718643e-18
 -4.9452171190734968e-18
 -1.1868235653520007e-01
 -4.6598693915613514e-16
  7.7268005530275602e-03
rdm_1e_up
  2.0030161110196594e+00
 -3.2817689846591472e-03
 -3.3329469962517899e-02
 -2.8240739160456778e-17
 -1.1681640362796825e-16
  9.1431206510450593e-17
  4.1394033753117682e-18
 -1.0138107279186489e-03
  4.4995224265147588e-26
  2.0374117841630116e-17
 -2.6996173017492068e-04
 -2.6725382208533014e-18
 -3.2817689846591472e-03
  2.0418652409315910e-03
  6.2476532237713628e-02
  3.4155954787012866e-17
  2.2662550890343238e-16
 -1.6482469368547194e-16
  1.3782405386733502e-19
 -9.7339006981989474e-05
 -4.0617932941559546e-27
 -3.1585232705837877e-17
 -1.7745131852871362e-03
  4.6000616901997162e-18
 -3.3329469962517899e-02
  6.2476532237713628e-02
  1.9138956125703663e+00
 -4.8400267033650186e-17
 -3.0275869954545376e-16
  1.6746780684350348e-16
  7.5763853987218209e-17
 -3.0176549505521520e-03
 -1.2299004384202989e-25
  2.1742212121060597e-16
 -5.4400994014474173e-02
 -1.5161281453627938e-17
 -2.8240739160456778e-17
  3.4155954787012866e-17
 -4.8400267033650186e-17
  3.0178120771750827e-01
  2.0048623036575161e-01
 -8.2534354140276300e-01
 -7.9580011113899347e-03
 -1.4538449701461414e-17
 -8.5676419215715053e-17
 -4.8936672188174235e-01
 -2.4581967130370752e-15
  2.7053940413693179e-02
 -1.1681640362796825e-16
  2.2662550890343238e-16
 -3.0275869954545376e-16
  2.0048623036575161e-01
  3.6186942106296955e+00
 -2.2895826663293812e+00
 -4.4581054351660807e-02
 -1.0678729099302714e-16
  6.0579774166354851e-17
  5.3598252228482535e-01
  2.1354284286877827e-15
  9.3188743917273636e-03
  9.1431206510450593e-17
 -1.6482469368547194e-16
  1.6746780684350348e-16
 -8.2534354140276300e-01
 -2.2895826663293812e+00
  4.1516870815066964e+00
  7.2089247699869893e-02
  4.9927003386700792e-17
  2.1778662322039643e-16
 -1.0415167357238511e-01
  1.5475139312662557e-15
  3.8836284518780316e-03
  4.1394033753117682e-18
  1.3782405386733502e-19
  7.5763853987218209e-17
 -7.9580011113899347e-03
 -4.4581054351660807e-02
  7.2089247699869893e-02
  1.5724112089436457e-03
  2.0939983442878454e-19
  2.1979958858928642e-18
 -2.7131639259673046e-02
 -7.8428041308392218e-17
  1.5876292959128341e-03
 -1.0138107279186489e-03
 -9.7339006981989474e-05
 -3.0176549505521520e-03
 -1.4538449701461414e-17
 -1.0678729099302714e-16
  4.9927003386700792e-17
  2.0939983442878454e-19
  5.3258333001387228e-06
  1.7109786344988508e-28
  3.7329727166099110e-17
  8.6422759950527603e-05
 -3.8100548120718643e-18
  4.4995224265147588e-26
 -4.0617932941559546e-27
 -1.2299004384202989e-25
 -8.5676419215715053e-17
  6.0579774166354851e-17
  2.1778662322039643e-16
  2.1979958858928642e-18
  1.7109786344988508e-28
  3.0020277519198188e-32
  1.2629385037254890e-16
  3.4705341804536241e-27
 -4.9452171190734968e-18
  2.0374117841630116e-17
 -3.1585232705837877e-17
  2.1742212121060597e-16
 -4.8936672188174235e-01
  5.3598252228482535e-01
 -1.0415167357238511e-01
 -2.7131639259673046e-02
  3.7329727166099110e-17
  1.2629385037254890e-16
  2.0065680057258417e+00
  8.1677214815926374e-15
 -1.1868235653520007e-01
 -2.6996173017492068e-04
 -1.7745131852871362e-03
 -5.4400994014474173e-02
 -2.4581967130370752e-15
  2.1354284286877827e-15
  1.5475139312662557e-15
 -7.8428041308392218e-17
  8.6422759950527603e-05
  3.4705341804536241e-27
  8.1677214815926374e-15
  1.5470459776754097e-03
 -4.6598693915613514e-16
 -2.6725382208533014e-18
  4.6000616901997162e-18
 -1.5161281453627938e-17
  2.7053940413693179e-02
  9.3188743917273636e-03
  3.8836284518780316e-03
  1.5876292959128341e-03
 -3.8100548120718643e-18
 -4.9452171190734968e-18
 -1.1868235653520007e-01
 -4.6598693915613514e-16
  7.7268005530275602e-03
rdm_1e_dn
  2.0030161110196594e+00
 -3.2817689846591472e-03
 -3.3329469962517899e-02
 -2.8240739160456778e-17
 -1.1681640362796825e-16
  9.1431206510450593e-17
  4.1394033753117682e-18
 -1.0138107279186489e-03
  4.4995224265147588e-26
  2.0374117841630116e-17
 -2.6996173017492068e-04
 -2.6725382208533014e-18
 -3.2817689846591472e-03
  2.0418652409315910e-03
  6.2476532237713628e-02
  3.4155954787012866e-17
  2.2662550890343238e-16
 -1.6482469368547194e-16
  1.3782405386733502e-19
 -9.7339006981989474e-05
 -4.0617932941559546e-27
 -3.1585232705837877e-17
 -1.7745131852871362e-03
  4.6000616901997162e-18
 -3.3329469962517899e-02
  6.2476532237713628e-02
  1.9138956125703663e+00
 -4.8400267033650186e-17
 -3.0275869954545376e-16
  1.6746780684350348e-16
  7.5763853987218209e-17
 -3.0176549505521520e-03
 -1.2299004384202989e-25
  2.1742212121060597e-16
 -5.4400994014474173e-02
 -1.5161281453627938e-17
 -2.8240739160456778e-17
  3.4155954787012866e-17
 -4.8400267033650186e-17
  3.0178120771750827e-01
  2.0048623036575161e-01
 -8.2534354140276300e-01
 -7.9580011113899347e-03
 -1.4538449701461414e-17
 -8.5676419215715053e-17
 -4.8936672188174235e-01
 -2.4581967130370752e-15
  2.7053940413693179e-02
 -1.1681640362796825e-16
  2.2662550890343238e-16
 -3.0275869954545376e-16
  2.0048623036575161e-01
  3.6186942106296955e+00
 -2.2895826663293812e+00
 -4.4581054351660807e-02
 -1.0678729099302714e-16
  6.0579774166354851e-17
  5.3598252228482535e-01
  2.1354284286877827e-15
  9.3188743917273636e-03
  9.1431206510450593e-17
 -1.6482469368547194e-16
  1.6746780684350348e-16
 -8.2534354140276300e-01
 -2.2895826663293812e+00
  4.1516870815066964e+00
  7.2089247699869893e-02
  4.9927003386700792e-17
  2.1778662322039643e-16
 -1.0415167357238511e-01
  1.5475139312662557e-15
  3.8836284518780316e-03
  4.1394033753117682e-18
  1.3782405386733502e-19
  7.5763853987218209e-17
 -7.9580011113899347e-03
 -4.4581054351660807e-02
  7.2089247699869893e-02
  1.5724112089436457e-03
  2.0939983442878454e-19
  2.1979958858928642e-18
 -2.7131639259673046e-02
 -7.8428041308392218e-17
  1.5876292959128341e-03
 -1.0138107279186489e-03
 -9.7339006981989474e-05
 -3.0176549505521520e-03
 -1.4538449701461414e-17
 -1.0678729099302714e-16
  4.9927003386700792e-17
  2.0939983442878454e-19
  5.3258333001387228e-06
  1.7109786344988508e-28
  3.7329727166099110e-17
  8.6422759950527603e-05
 -3.8100548120718643e-18
  4.4995224265147588e-26
 -4.0617932941559546e-27
 -1.2299004384202989e-25
 -8.5676419215715053e-17
  6.0579774166354851e-17
  2.1778662322039643e-16
  2.1979958858928642e-18
  1.7109786344988508e-28
  3.0020277519198188e-32
  1.2629385037254890e-16
  3.4705341804536241e-27
 -4.9452171190734968e-18
  2.0374117841630116e-17
 -3.1585232705837877e-17
  2.1742212121060597e-16
 -4.8936672188174235e-01
  5.3598252228482535e-01
 -1.0415167357238511e-01
 -2.7131639259673046e-02
  3.7329727166099110e-17
  1.2629385037254890e-16
  2.0065680057258417e+00
  8.1677214815926374e-15
 -1.1868235653520007e-01
 -2.6996173017492068e-04
 -1.7745131852871362e-03
 -5.4400994014474173e-02
 -2.4581967130370752e-15
  2.1354284286877827e-15
  1.5475139312662557e-15
 -7.8428041308392218e-17
  8.6422759950527603e-05
  3.4705341804536241e-27
  8.1677214815926374e-15
  1.5470459776754097e-03
 -4.6598693915613514e-16
 -2.6725382208533014e-18
  4.6000616901997162e-18
 -1.5161281453627938e-17
  2.7053940413693179e-02
  9.3188743917273636e-03
  3.8836284518780316e-03
  1.5876292959128341e-03
 -3.8100548120718643e-18
 -4.9452171190734968e-18
 -1.1868235653520007e-01
 -4.6598693915613514e-16
  7.7268005530275602e-03
