rank_mo_coefficient 2
dims_mo_coefficient 0 8
dims_mo_coefficient 1 8
rank_mo_coefficient_im 0
rank_mo_occupation 0
rank_mo_energy 0
rank_mo_spin 0
rank_mo_class 0
rank_mo_symmetry 0
mo_num_isSet 1 
mo_num 8 
len_mo_type 0
mo_type
mo_coefficient
  9.9771303797281286e-01
 -3.2440510175178175e-03
 -8.5825425743354651e-18
 -7.6761801691178665e-18
 -1.1181700890399564e+00
 -5.0998057735992326e-24
  6.6973765755504282e-03
 -7.5313586336744744e-20
  4.1095271756197748e-03
  5.3541447834276360e-03
  1.5614797076955592e-17
  1.3833415897420977e-17
  2.0074769511721855e+00
  9.0798428968622721e-24
 -1.1887119124795866e-02
  1.3379937691816255e-19
 -2.4739759299979508e-03
  9.9643144360839686e-01
  7.1786305796066976e-19
 -4.7746435565187226e-18
 -1.3384217112520156e+00
 -5.6477183622929301e-24
  1.0087959136530242e-02
 -4.1532303050463304e-19
 -1.1577516907704526e-19
  7.6865099663803394e-18
  9.6940272311624354e-01
  2.4546684933507887e-01
 -2.4870546798378912e-18
  4.4030780523161557e-17
 -1.5003099410386472e-16
  2.0943477076851022e-03
  1.9975222853963349e-21
  6.4761460557458352e-19
  8.0398150691965691e-03
 -4.1674670310636423e-02
  5.1979731297744252e-20
 -1.9492097169960276e-15
 -9.2442409298803301e-18
  1.1630978885988279e+00
 -7.6783514190251805e-05
 -2.1625327850033245e-03
  6.6088719122074580e-17
  5.0989673193744816e-17
  5.9272294674419801e-03
  3.7699751124210442e-23
  9.9998009255538944e-01
  8.8552799715696440e-18
  4.5095095079742169e-26
 -3.2451934780999971e-25
  2.9176079469675521e-17
 -3.5054771505201809e-16
 -4.7453172434302593e-24
  1.0000000000000000e+00
 -3.7673072830991484e-23
  1.7405409921926699e-15
  1.1532693831531376e-21
 -6.2380191179480800e-18
 -2.4949204637963751e-01
  9.9006581366687385e-01
 -3.7757211908838368e-18
  1.3058248735817812e-15
 -1.3269900597250156e-17
 -5.5867836778986812e-01
mo_coefficient_im
mo_occupation
mo_energy
mo_spin
mo_class
mo_symmetry
