rank_mo_1e_int_overlap 2
dims_mo_1e_int_overlap 0 8
dims_mo_1e_int_overlap 1 8
rank_mo_1e_int_kinetic 2
dims_mo_1e_int_kinetic 0 8
dims_mo_1e_int_kinetic 1 8
rank_mo_1e_int_potential_n_e 2
dims_mo_1e_int_potential_n_e 0 8
dims_mo_1e_int_potential_n_e 1 8
rank_mo_1e_int_ecp 0
rank_mo_1e_int_core_hamiltonian 2
dims_mo_1e_int_core_hamiltonian 0 8
dims_mo_1e_int_core_hamiltonian 1 8
rank_mo_1e_int_overlap_im 0
rank_mo_1e_int_kinetic_im 0
rank_mo_1e_int_potential_n_e_im 0
rank_mo_1e_int_ecp_im 0
rank_mo_1e_int_core_hamiltonian_im 0
mo_1e_int_overlap
  1.0000000000000002e+00
  5.5598432559005984e-01
  1.1230576383630588e-06
  0.0000000000000000e+00
  0.0000000000000000e+00
  0.0000000000000000e+00
  0.0000000000000000e+00
  0.0000000000000000e+00
  5.5598432559005984e-01
  1.0000000000000002e+00
  6.6539655350032867e-01
  0.0000000000000000e+00
  0.0000000000000000e+00
  0.0000000000000000e+00
  0.0000000000000000e+00
  0.0000000000000000e+00
  1.1230576383819239e-06
  6.6539655350032867e-01
  1.0000000000000007e+00
  0.0000000000000000e+00
  0.0000000000000000e+00
  0.0000000000000000e+00
  0.0000000000000000e+00
  0.0000000000000000e+00
  0.0000000000000000e+00
  0.0000000000000000e+00
  0.0000000000000000e+00
  1.0000000000000000e+00
  0.0000000000000000e+00
  0.0000000000000000e+00
  0.0000000000000000e+00
  0.0000000000000000e+00
  0.0000000000000000e+00
  0.0000000000000000e+00
  0.0000000000000000e+00
  0.0000000000000000e+00
  1.0000000000000004e+00
  0.0000000000000000e+00
  0.0000000000000000e+00
  5.1163821835569190e-01
  0.0000000000000000e+00
  0.0000000000000000e+00
  0.0000000000000000e+00
  0.0000000000000000e+00
  0.0000000000000000e+00
  1.0000000000000000e+00
  0.0000000000000000e+00
  0.0000000000000000e+00
  0.0000000000000000e+00
  0.0000000000000000e+00
  0.0000000000000000e+00
  0.0000000000000000e+00
  0.0000000000000000e+00
  0.0000000000000000e+00
  1.0000000000000004e+00
  0.0000000000000000e+00
  0.0000000000000000e+00
  0.0000000000000000e+00
  0.0000000000000000e+00
  0.0000000000000000e+00
  5.1163821835569190e-01
  0.0000000000000000e+00
  0.0000000000000000e+00
  1.0000000000000002e+00
mo_1e_int_kinetic
  2.9212266434586393e+01
  2.4180552994619382e+00
 -8.0300098517427028e+00
  0.0000000000000000e+00
  0.0000000000000000e+00
  0.0000000000000000e+00
  0.0000000000000000e+00
  0.0000000000000000e+00
  2.4180552994619382e+00
  2.6280000000000006e+00
  3.9959273513085458e-01
  0.0000000000000000e+00
  0.0000000000000000e+00
  5.5511151231257827e-16
  0.0000000000000000e+00
  0.0000000000000000e+00
 -8.0300098517427028e+00
  3.9959273513085458e-01
  3.1086427432284989e+00
  0.0000000000000000e+00
  0.0000000000000000e+00
  6.6613381477509392e-16
  0.0000000000000000e+00
  0.0000000000000000e+00
  0.0000000000000000e+00
  0.0000000000000000e+00
  0.0000000000000000e+00
  1.7890000000000001e+00
  0.0000000000000000e+00
  0.0000000000000000e+00
  0.0000000000000000e+00
  0.0000000000000000e+00
  0.0000000000000000e+00
  0.0000000000000000e+00
  0.0000000000000000e+00
  0.0000000000000000e+00
  8.0990000000000020e+00
  0.0000000000000000e+00
  0.0000000000000000e+00
  1.8065048091574674e+00
  0.0000000000000000e+00
  5.5511151231257827e-16
  6.6613381477509392e-16
  0.0000000000000000e+00
  0.0000000000000000e+00
  8.0990000000000002e+00
  0.0000000000000000e+00
  0.0000000000000000e+00
  0.0000000000000000e+00
  0.0000000000000000e+00
  0.0000000000000000e+00
  0.0000000000000000e+00
  0.0000000000000000e+00
  0.0000000000000000e+00
  8.0990000000000020e+00
  0.0000000000000000e+00
  0.0000000000000000e+00
  0.0000000000000000e+00
  0.0000000000000000e+00
  0.0000000000000000e+00
  1.8065048091574674e+00
  0.0000000000000000e+00
  0.0000000000000000e+00
  2.2575000000000003e+00
mo_1e_int_potential_n_e
 -6.2240746479457819e+01
 -1.9873596901905717e+01
  8.6569920017906643e+00
  0.0000000000000000e+00
  0.0000000000000000e+00
 -5.6700526340991431e-04
  0.0000000000000000e+00
  0.0000000000000000e+00
 -1.9873596901905717e+01
 -1.8002691636857502e+01
 -6.4090365706330630e+00
  0.0000000000000000e+00
  0.0000000000000000e+00
 -5.0349399601330447e-03
  0.0000000000000000e+00
  0.0000000000000000e+00
  8.6569920017906643e+00
 -6.4090365706330630e+00
 -1.1208767766573734e+01
  0.0000000000000000e+00
  0.0000000000000000e+00
 -7.1427471169034362e-03
  0.0000000000000000e+00
  0.0000000000000000e+00
  0.0000000000000000e+00
  0.0000000000000000e+00
  0.0000000000000000e+00
 -8.3871613969051673e+00
  1.6461237365950626e-01
  0.0000000000000000e+00
  0.0000000000000000e+00
  3.1898072288312501e-01
  0.0000000000000000e+00
  0.0000000000000000e+00
  0.0000000000000000e+00
  1.6461237365950626e-01
 -1.1513754007316713e+01
  0.0000000000000000e+00
  0.0000000000000000e+00
 -4.8498982828302140e+00
 -5.6700526340991431e-04
 -5.0349399601330447e-03
 -7.1427471169034362e-03
  0.0000000000000000e+00
  0.0000000000000000e+00
 -1.1457720586114403e+01
  0.0000000000000000e+00
  0.0000000000000000e+00
  0.0000000000000000e+00
  0.0000000000000000e+00
  0.0000000000000000e+00
  0.0000000000000000e+00
  0.0000000000000000e+00
  0.0000000000000000e+00
 -1.1427122584680101e+01
  0.0000000000000000e+00
  0.0000000000000000e+00
  0.0000000000000000e+00
  0.0000000000000000e+00
  3.1898072288312501e-01
 -4.8498982828302140e+00
  0.0000000000000000e+00
  0.0000000000000000e+00
 -6.7284091938748425e+00
mo_1e_int_ecp
mo_1e_int_core_hamiltonian
 -3.3024005119142764e+01
  6.3231166969860997e-01
  1.1931361016780694e-17
  9.0902291839033334e-18
  1.0394751062481509e+00
  6.1891341114334458e-24
 -7.6404984451179580e-03
 -1.1563526374629943e-19
  6.3231166969861008e-01
 -8.1107580746702652e+00
 -1.6311615257111076e-16
 -3.4958462772951505e-17
 -1.9377375339759937e+00
 -1.0997455932469346e-23
 -5.8849641200964696e-03
  7.5352222801804440e-18
  1.1931361016780734e-17
 -1.6311615257111076e-16
 -6.6186062355990316e+00
 -2.4013478522384091e-01
 -5.2421008140275743e-17
 -2.9132563721124096e-16
  7.2265143068562155e-16
  2.4098729206539027e-01
  9.0902291839033149e-18
 -3.4958462772951505e-17
 -2.4013478522384091e-01
 -4.3831971382177137e+00
 -2.6531280877983037e-17
  1.1137244772996694e-15
  1.0769412306300908e-16
 -9.3644465418933542e-01
  1.0394751062481506e+00
 -1.9377375339759941e+00
 -5.2421008140275836e-17
 -2.6531280877983024e-17
 -5.2310099209530900e+00
 -9.4390316770603540e-24
  7.0735131628378335e-03
  3.9173119538005092e-18
  6.1891341114334385e-24
 -1.0997455932469342e-23
 -2.9132563721124096e-16
  1.1137244772996686e-15
 -9.4390316770603393e-24
 -3.3281225846800986e+00
 -1.1234038680135205e-24
 -2.7257168743505283e-15
 -7.6404984451179788e-03
 -5.8849641200964652e-03
  7.2265143068562145e-16
  1.0769412306300902e-16
  7.0735131628378300e-03
 -1.1234038680135106e-24
 -3.3587918292182097e+00
  5.1613172892911141e-18
 -1.1563526374629935e-19
  7.5352222801804501e-18
  2.4098729206539005e-01
 -9.3644465418933542e-01
  3.9173119538005062e-18
 -2.7257168743505247e-15
  5.1613172892911326e-18
 -2.0597286118942852e+00
mo_1e_int_overlap_im
mo_1e_int_kinetic_im
mo_1e_int_potential_n_e_im
mo_1e_int_ecp_im
mo_1e_int_core_hamiltonian_im
