rank_rdm_1e 2
dims_rdm_1e 0 8
dims_rdm_1e 1 8
rank_rdm_1e_up 2
dims_rdm_1e_up 0 8
dims_rdm_1e_up 1 8
rank_rdm_1e_dn 2
dims_rdm_1e_dn 0 8
dims_rdm_1e_dn 1 8
rdm_2e_cholesky_num_isSet 0 
rdm_2e_upup_cholesky_num_isSet 0 
rdm_2e_dndn_cholesky_num_isSet 0 
rdm_2e_updn_cholesky_num_isSet 0 
rdm_1e
  4.4914923560631355e+00
 -4.4812358430273518e+00
  2.9817646631283252e+00
 -1.5127367154402735e-17
  3.8534020221200976e-19
 -1.3394486495794463e-02
  1.0704233057359731e-23
 -2.4307237412250249e-18
 -4.4812358430273518e+00
  8.0600185291350854e+00
 -5.3630517298846652e+00
  2.7161291566292438e-17
 -6.8627844442122454e-19
  2.3773764965260683e-02
 -1.9055334401268703e-23
  4.3743134137216475e-18
  2.9817646631283252e+00
 -5.3630517298846652e+00
  5.5685088390383797e+00
  2.1023952640706372e-17
  1.5609619917965964e-18
 -2.0175516622084982e-02
  1.2055525561366697e-23
 -1.2137133023412385e-17
 -1.5127367154402735e-17
  2.7161291566292438e-17
  2.1023952640706372e-17
  1.9999912274153573e+00
 -4.8718627935998224e-03
  1.5310300785546367e-16
 -1.1552894453534100e-16
  2.3401335178281084e-03
  3.8534020221200976e-19
 -6.8627844442122454e-19
  1.5609619917965964e-18
 -4.8718627935998224e-03
  3.6028335436942426e-03
 -3.1894585701863627e-18
  2.9687061472640300e-17
 -8.6533072569053321e-02
 -1.3394486495794463e-02
  2.3773764965260683e-02
 -2.0175516622084982e-02
  1.5310300785546367e-16
 -3.1894585701863627e-18
  7.9628985827956354e-05
 -5.4856557949180073e-26
  6.7971265538395982e-17
  1.0704233057359731e-23
 -1.9055334401268703e-23
  1.2055525561366697e-23
 -1.1552894453534100e-16
  2.9687061472640300e-17
 -5.4856557949180073e-26
  2.4746988828282341e-31
 -7.0868901700852798e-16
 -2.4307237412250249e-18
  4.3743134137216475e-18
 -1.2137133023412385e-17
  2.3401335178281084e-03
 -8.6533072569053321e-02
  6.7971265538395982e-17
 -7.0868901700852798e-16
  2.0849531931970962e+00
rdm_1e_up
  4.4914923560631355e+00
 -4.4812358430273518e+00
  2.9817646631283252e+00
 -1.5127367154402735e-17
  3.8534020221200976e-19
 -1.3394486495794463e-02
  1.0704233057359731e-23
 -2.4307237412250249e-18
 -4.4812358430273518e+00
  8.0600185291350854e+00
 -5.3630517298846652e+00
  2.7161291566292438e-17
 -6.8627844442122454e-19
  2.3773764965260683e-02
 -1.9055334401268703e-23
  4.3743134137216475e-18
  2.9817646631283252e+00
 -5.3630517298846652e+00
  5.5685088390383797e+00
  2.1023952640706372e-17
  1.5609619917965964e-18
 -2.0175516622084982e-02
  1.2055525561366697e-23
 -1.2137133023412385e-17
 -1.5127367154402735e-17
  2.7161291566292438e-17
  2.1023952640706372e-17
  1.9999912274153573e+00
 -4.8718627935998224e-03
  1.5310300785546367e-16
 -1.1552894453534100e-16
  2.3401335178281084e-03
  3.8534020221200976e-19
 -6.8627844442122454e-19
  1.5609619917965964e-18
 -4.8718627935998224e-03
  3.6028335436942426e-03
 -3.1894585701863627e-18
  2.9687061472640300e-17
 -8.6533072569053321e-02
 -1.3394486495794463e-02
  2.3773764965260683e-02
 -2.0175516622084982e-02
  1.5310300785546367e-16
 -3.1894585701863627e-18
  7.9628985827956354e-05
 -5.4856557949180073e-26
  6.7971265538395982e-17
  1.0704233057359731e-23
 -1.9055334401268703e-23
  1.2055525561366697e-23
 -1.1552894453534100e-16
  2.9687061472640300e-17
 -5.4856557949180073e-26
  2.4746988828282341e-31
 -7.0868901700852798e-16
 -2.4307237412250249e-18
  4.3743134137216475e-18
 -1.2137133023412385e-17
  2.3401335178281084e-03
 -8.6533072569053321e-02
  6.7971265538395982e-17
 -7.0868901700852798e-16
  2.0849531931970962e+00
rdm_1e_dn
  4.4914923560631355e+00
 -4.4812358430273518e+00
  2.9817646631283252e+00
 -1.5127367154402735e-17
  3.8534020221200976e-19
 -1.3394486495794463e-02
  1.0704233057359731e-23
 -2.4307237412250249e-18
 -4.4812358430273518e+00
  8.0600185291350854e+00
 -5.3630517298846652e+00
  2.7161291566292438e-17
 -6.8627844442122454e-19
  2.3773764965260683e-02
 -1.9055334401268703e-23
  4.3743134137216475e-18
  2.9817646631283252e+00
 -5.3630517298846652e+00
  5.5685088390383797e+00
  2.1023952640706372e-17
  1.5609619917965964e-18
 -2.0175516622084982e-02
  1.2055525561366697e-23
 -1.2137133023412385e-17
 -1.5127367154402735e-17
  2.7161291566292438e-17
  2.1023952640706372e-17
  1.9999912274153573e+00
 -4.8718627935998224e-03
  1.5310300785546367e-16
 -1.1552894453534100e-16
  2.3401335178281084e-03
  3.8534020221200976e-19
 -6.8627844442122454e-19
  1.5609619917965964e-18
 -4.8718627935998224e-03
  3.6028335436942426e-03
 -3.1894585701863627e-18
  2.9687061472640300e-17
 -8.6533072569053321e-02
 -1.3394486495794463e-02
  2.3773764965260683e-02
 -2.0175516622084982e-02
  1.5310300785546367e-16
 -3.1894585701863627e-18
  7.9628985827956354e-05
 -5.4856557949180073e-26
  6.7971265538395982e-17
  1.0704233057359731e-23
 -1.9055334401268703e-23
  1.2055525561366697e-23
 -1.1552894453534100e-16
  2.9687061472640300e-17
 -5.4856557949180073e-26
  2.4746988828282341e-31
 -7.0868901700852798e-16
 -2.4307237412250249e-18
  4.3743134137216475e-18
 -1.2137133023412385e-17
  2.3401335178281084e-03
 -8.6533072569053321e-02
  6.7971265538395982e-17
 -7.0868901700852798e-16
  2.0849531931970962e+00
